-24.904852 8.210913 26.122606
-28.467102 11.315895 13.482501
-30.066114 16.644680 3.370417
-31.345327 20.907709 -4.719249
-32.368694 27.185333 -9.221135
-29.760815 32.565830 -12.822642
-27.674511 36.870228 -15.703850
-26.005470 41.747349 -16.667713
-21.115671 45.273846 -17.438805
-17.203833 48.095043 -18.055676
-14.074363 50.654400 -17.910395
-9.319369 52.701885 -17.794168
-5.515376 54.339874 -17.701189
-2.472180 55.493465 -17.660250
0.689578 56.416336 -17.627497
3.218985 57.154633 -17.601295
4.497856 57.767670 -18.122126
5.334790 58.258102 -18.538790
6.004336 58.650448 -19.728289
5.196105 58.712322 -20.455809
4.549519 58.761822 -21.037827
4.032251 58.801422 -22.473318
1.809158 58.693104 -23.621710
0.030683 58.606449 -24.540421
-1.392096 58.537125 -27.887363
-4.927177 56.700867 -30.564919
-7.755240 55.231857 -32.706963
-10.017693 49.755852 -37.885387
-13.119164 45.716648 -42.028133
-15.600343 42.485283 -45.342327
-17.585285 39.900192 -50.609001
-17.881729 32.069717 -54.822334
-18.118883 25.805338 -58.193005
-18.308605 17.926636 -60.742390
-17.622648 11.550873 -62.781895
-17.073881 6.450263 -64.413498
-16.634867 2.526575 -65.688683
-17.342461 -0.612375 -66.708824
-17.908539 -3.123536 -67.524948
-18.361399 -2.265264 -66.649452
-22.144445 -1.685046 -65.949059
-25.170883 -1.220872 -65.388741
-26.102724 7.808067 -56.887184
-26.795837 15.031219 -50.085941
-27.350330 20.809740 -44.644943
-15.716556 24.480558 -32.566597
-6.409535 27.417212 -22.903919
1.036082 29.766537 -15.173776
11.460503 25.743593 -8.809064
19.608059 22.525240 -3.717295
26.126102 19.950556 0.356120
31.166010 19.246010 3.661672
35.197937 18.682373 6.306116
38.423477 18.231462 8.421671
39.514599 22.445936 8.605791
40.212967 25.817514 8.753090
40.771667 28.514776 8.870927
32.125690 33.164585 -0.054636
25.208910 36.884434 -7.195085
19.675488 39.860313 -12.907445
13.963054 33.975414 -24.273142
9.393107 29.267496 -33.365700
5.737152 25.501162 -40.639748
3.621035 21.132895 -46.836903
1.928141 17.638281 -51.794624
0.573827 14.842590 -56.616970
-0.742329 10.937237 -59.923019
-1.795255 7.812954 -62.567860
-2.637595 5.313528 -63.827568
-4.975305 2.188387 -65.260071
-6.845473 -0.311726 -66.406075
-8.341608 -2.311816 -66.613861
-11.330341 -5.614288 -66.780090
-13.721327 -8.256266 -66.913078
-15.634115 -10.369848 -65.307137
-19.148153 -13.903113 -63.611023
-21.959383 -16.729725 -62.254135
-24.208370 -18.991016 -58.807480
-27.467777 -21.623249 -56.050156
-30.075304 -23.729034 -53.844296
-32.161327 -25.413664 -49.979328
-35.592880 -24.073366 -46.887352
-38.338127 -23.001129 -44.413776
-40.534321 -22.143339 -40.980103
-42.384354 -15.123507 -38.233158
-43.864384 -9.507641 -36.035610
-45.048412 1.391453 -33.682262
-41.004120 10.110728 -31.799587
-37.768684 17.086147 -30.293449
-35.180332 23.383284 -29.877811
-26.884809 28.891392 -29.545305
-20.248386 33.297878 -29.279301
-14.939250 35.299870 -29.628353
-6.224012 36.901463 -29.907595
0.748178 38.182735 -30.130989
9.304549 35.679752 -30.767887
16.283451 33.677368 -31.277403
21.866573 32.075459 -31.685019
27.822380 27.120331 -32.271973
32.069260 23.156229 -32.741535
35.466759 19.984947 -33.117188
38.184761 13.942322 -32.588299
40.225357 9.108222 -32.165184
41.857834 5.240942 -31.826696
41.674507 -1.352882 -29.392082
41.754730 -6.627941 -27.444391
41.818916 -10.847988 -25.886238
37.955002 -17.449627 -21.823734
34.863873 -22.730938 -18.573730
32.390968 -26.955986 -15.973730
26.654467 -30.991224 -10.990793
22.065266 -34.219414 -7.004445
18.393906 -36.801968 -3.815366
15.165936 -37.882408 1.411413
12.583560 -38.746761 5.592835
10.517660 -39.438244 8.937974
9.580506 -37.225029 15.296265
8.830783 -35.454460 20.382898
8.231005 -34.038002 24.452202
7.396307 -26.537638 30.142365
6.728549 -20.537346 34.694492
6.194343 -15.737112 35.767704
3.742448 -5.462524 36.569416
1.780932 2.757146 37.210785
0.211720 9.332883 33.081860
-1.753399 17.869473 29.778725
-3.325495 24.698744 27.136213
-4.583172 30.162163 22.259733
-3.547330 35.910496 18.358551
-2.718657 40.509163 15.237604
-2.055717 44.188095 10.252619
3.041462 47.288040 6.264630
7.119205 49.767998 3.074239
10.381398 51.751965 -3.093365
15.219300 51.603138 -8.027449
19.089622 51.484074 -11.974714
22.185879 50.672024 -15.155939
26.425621 49.652782 -17.700918
29.817417 48.837391 -19.736902
32.530853 47.468277 -22.686724
35.091381 46.552185 -25.046581
37.139805 45.819313 -26.934467
38.778542 45.949814 -29.046768
38.786385 45.740616 -30.736607
38.792660 45.573257 -32.088478
35.819061 46.139370 -34.253563
33.219116 46.592262 -35.985626
31.139156 46.954575 -37.371277
23.517952 47.093227 -39.068413
17.339542 47.204147 -40.426125
12.396814 47.292885 -41.512291
1.740741 42.312672 -43.551765
-6.161633 38.328503 -45.183338
-12.483534 35.141167 -46.488605
-18.186808 24.986498 -48.161560
-22.749426 16.862762 -49.499924
-26.399525 10.363774 -50.570618
-28.324789 2.168584 -51.216469
-29.865000 -4.387568 -51.733154
-31.097168 -9.632490 -52.146503
-31.954918 -15.273228 -52.269825
-32.641117 -19.785818 -52.368488
-33.190071 -23.395889 -52.447414
-33.669964 -27.448748 -52.734631
-34.053875 -30.691034 -52.964409
-34.361012 -33.284866 -53.148228
-35.141933 -33.864727 -53.064522
-35.766674 -34.328617 -52.997551
-36.266472 -34.699730 -52.943977
-36.695385 -33.495819 -51.543293
-37.038528 -32.532692 -50.422752
-37.313034 -31.762188 -47.813980
-39.795692 -28.356985 -45.874123
-41.781822 -25.632824 -44.322235
-43.370728 -23.453495 -37.943733
-43.670303 -13.483631 -32.784077
-43.909966 -5.507740 -28.656355
-44.101700 0.872973 -21.073349
-35.458847 10.082344 -15.187543
-28.544569 17.449841 -10.478897
-23.013147 23.343838 -6.638404
-11.327626 25.471836 -3.566010
-1.979209 27.174234 -1.108095
5.499525 28.536152 -2.706887
14.943993 24.221685 -3.985921
22.499567 20.770113 -5.009149
28.544027 12.991255 -8.038376
32.693115 6.555368 -10.461758
36.012386 1.406659 -12.400462
38.667801 -2.712308 -13.095262
39.471539 -8.712282 -13.651101
40.114529 -13.512261 -14.095772
40.628918 -19.502645 -10.893073
38.812283 -24.244553 -8.330914
37.358974 -28.038078 -6.281188
36.196331 -30.059298 1.565792
33.189327 -31.676273 7.843375
30.783722 -32.969856 12.865443
18.434072 -30.790319 19.458277
8.653254 -29.046690 24.732548
0.828598 -27.651787 28.951962
-11.388363 -23.786264 24.130381
-21.278286 -20.693848 20.273117
-29.190224 -18.219913 17.187307
-34.775124 -14.353566 7.207148
-39.458290 -11.260489 -0.776978
-43.204826 -8.786026 -7.164279
-43.968086 -5.132056 -16.401104
-44.532154 -2.208880 -23.790562
-44.983406 0.129661 -29.702131
-42.040009 3.400494 -37.357731
-39.685287 6.017159 -43.482208
-37.801514 8.110493 -48.381794
-32.355965 10.776360 -53.686039
-27.999531 12.909053 -57.929440
-24.514383 14.615208 -61.324150
-18.107708 15.974531 -64.879372
-12.982367 17.061991 -67.723541
-8.882093 17.931957 -69.998878
-4.287094 16.578331 -71.859283
-0.611095 15.495430 -73.347610
2.329705 14.629108 -74.538269
4.164577 12.065652 -75.925568
5.632474 10.014886 -77.035408
6.806792 8.374273 -77.923279
6.128950 5.157784 -78.506485
5.586676 2.584591 -78.973061
5.152857 0.526038 -78.490143
0.070263 -3.036005 -77.424904
-3.995812 -5.885639 -76.572708
-7.248672 -8.165346 -71.610130
-14.714486 -9.361912 -67.730370
-20.687140 -10.319164 -64.626556
-25.465258 -11.084967 -57.471386
-32.161655 -7.934409 -51.747250
-37.518772 -5.413962 -47.167942
-41.804474 2.336795 -36.374249
-42.487114 8.470201 -27.739290
-43.033222 13.376926 -20.831324
-43.470112 17.302307 -8.291756
-36.751225 20.067411 1.739898
-31.376114 22.279495 9.765221
-27.076025 18.079561 17.128597
-17.003872 14.719614 23.019300
-8.946150 12.031656 27.731863
-2.499974 5.653290 28.806335
4.978196 0.550596 29.665909
10.960732 -3.531558 30.353571
15.746760 -9.798882 27.448936
20.011904 -14.812740 25.125229
23.424019 -18.823828 23.266264
23.919748 -23.852697 19.718943
24.770105 -27.875793 16.881086
25.450392 -31.094271 14.610804
25.994619 -34.593052 11.149136
25.126854 -37.392078 8.379800
24.432646 -39.631298 6.164332
22.387968 -41.954674 4.425401
20.408987 -43.813374 3.034257
18.825800 -45.300335 1.921342
16.546988 -46.389103 2.760061
14.723935 -47.260117 3.431038
13.265496 -47.956928 3.967818
12.058020 -46.699978 8.494126
11.092040 -45.694416 12.115174
10.319256 -44.889969 15.012011
8.741122 -38.523209 21.058481
7.478615 -33.429802 25.895658
6.468609 -29.355076 29.765398
3.071766 -19.515295 31.814394
0.354292 -11.643471 33.453590
-1.819687 -5.346012 29.627958
-7.258873 2.839156 27.032324
-11.610224 9.387290 24.955814
-15.091304 14.625797 23.294609
-19.086231 19.158203 19.928905
-22.282173 22.784128 17.236343
-24.838928 25.684868 15.282958
-26.395653 28.397459 13.720251
-27.641027 30.567532 12.470084
-28.637329 32.303593 11.453228
-29.364561 33.742840 10.639744
-29.946346 34.894238 9.988957
-30.411774 35.815357 7.595465
-31.261162 36.653049 5.680673
-31.940670 37.323204 4.148840
-32.484280 36.425728 -1.113312
-34.216492 35.802948 -5.323033
-35.602264 35.304722 -8.690810
-36.710880 32.038940 -14.849824
-38.290073 28.771118 -19.777037
-39.553425 26.156860 -23.718805
-40.564106 21.915052 -29.216642
-40.785072 18.605606 -33.614910
-40.961842 15.958050 -37.133526
-41.103256 12.406404 -40.787865
-40.576454 9.626688 -43.711330
-40.155014 7.402915 -46.050110
-39.817863 3.691897 -48.185337
-39.350338 0.723082 -49.893513
-38.976318 -1.651969 -51.260059
-38.677109 -4.420011 -52.155975
-38.391190 -6.634444 -52.872707
-38.162464 -8.405991 -53.446095
-37.979481 -10.954428 -53.369698
-38.147247 -12.993177 -53.308590
-38.281456 -14.624177 -53.259693
-38.993858 -16.612177 -52.133656
-39.563782 -18.202576 -51.232819
-40.019718 -19.474897 -50.512150
-41.344368 -20.369553 -49.360378
-42.404099 -21.085278 -48.438965
-43.251873 -21.657858 -47.701832
-44.936550 -21.763123 -45.192444
-46.284286 -21.847334 -43.184937
-47.362476 -21.914703 -41.578926
-49.010406 -21.559797 -39.417889
-50.328747 -21.275873 -37.689056
-51.383419 -21.048735 -36.305992
-53.559395 -19.444622 -32.677868
-55.300179 -18.161333 -29.775370
-56.692802 -17.134701 -27.453369
-57.376392 -13.462996 -21.478819
-57.923271 -10.525632 -16.699177
-58.360771 -8.175741 -12.875466
-56.529163 -1.972627 -7.612540
-55.063877 2.989863 -3.402199
-53.891647 6.959856 -0.033927
-48.579025 13.871050 2.831255
-44.328918 19.400005 5.123401
-40.928841 23.823170 7.813283
-32.623859 28.543301 9.965189
-25.979881 32.319405 11.686713
-20.664696 35.340290 11.625842
-11.397767 37.079399 11.577146
-3.984222 38.470684 11.538189
1.946614 38.150112 8.664289
10.711253 37.714455 6.365169
17.722965 37.365929 4.525871
24.705294 35.194309 2.174859
30.291155 33.457012 0.294048
34.759842 32.067173 -1.210602
38.590771 30.624905 -4.036352
41.655510 29.471088 -6.296953
44.107304 28.548037 -8.105433
46.539967 27.344793 -12.304654
48.486095 26.382200 -15.664030
50.042995 25.612125 -18.351532
51.579403 23.646465 -21.250679
52.808521 22.073936 -23.569994
53.791821 18.805513 -26.137804
54.345760 16.190775 -28.192051
54.788906 14.098984 -29.835449
55.143421 10.213552 -30.976259
55.299046 7.105206 -31.888908
55.423546 4.618529 -32.619026
54.778492 0.299588 -32.055992
54.617325 -3.155565 -31.605568
54.488388 -5.919687 -29.251966
53.797665 -9.491785 -27.369085
53.245079 -12.349463 -25.862782
52.803013 -14.635606 -21.423710
52.234112 -16.587719 -17.872450
51.778992 -18.149410 -15.031444
51.414894 -19.398764 -8.922617
50.204430 -18.858246 -4.035556
49.236061 -18.425833 -0.125906
48.461365 -16.556702 5.918124
46.387203 -15.061397 10.753348
44.727875 -13.865152 14.621530
41.387516 -10.712957 19.662512
38.715233 -8.191201 23.695297
36.577400 -6.173796 26.921526
32.964783 -1.127072 30.184767
30.074682 2.910307 32.795361
27.762606 6.140210 34.027668
23.824419 11.804132 35.107155
20.673868 16.335270 35.970749
18.153431 19.960180 36.661621
13.175912 25.066509 34.448505
9.193898 29.151573 32.678009
6.008287 32.419624 25.616280
0.469544 35.739666 19.966892
-3.961449 38.395699 15.447384
-7.506246 40.520523 5.698156
-10.778403 41.503582 -2.101225
-13.396131 42.290031 -8.340732
-15.490312 42.919189 -18.325518
-16.432638 40.297718 -26.313345
-17.186501 38.200539 -32.703609
-17.789587 32.938797 -39.625134
-18.370958 28.712603 -45.162361
-18.836052 25.331646 -49.592136
-19.208128 19.720482 -52.691154
-20.105003 15.231550 -55.170368
-20.822504 11.640405 -57.153744
-21.396503 6.617088 -58.232090
-22.507275 2.564835 -59.094769
-23.395893 -0.676967 -59.784912
-24.106787 -4.883209 -58.561153
-25.472517 -8.248203 -57.582146
-26.565100 -10.940198 -56.798943
-27.439165 -13.776994 -54.396507
-29.150684 -16.046431 -52.474552
-30.519899 -17.861980 -50.936996
-33.104580 -19.779219 -47.245468
-35.358490 -21.313011 -44.292248
-37.161617 -22.540045 -41.929676
-40.134151 -23.331272 -35.528027
-42.512177 -23.964252 -30.406712
-44.414597 -24.470638 -26.309654
-46.681190 -22.848545 -18.510389
-48.302483 -21.550871 -12.270977
-49.599522 -20.512732 -7.279447
-49.706329 -16.669420 0.242114
-49.791779 -13.594771 6.259363
-49.860138 -11.135053 11.073160
-47.395794 -5.751277 16.629843
-45.424324 -1.444257 21.075190
-43.847145 2.001359 24.631464
-38.408348 7.177052 27.814266
-34.057316 11.317607 30.360510
-30.576494 14.630051 32.397507
-23.329723 19.128006 32.729473
-17.532305 22.726370 32.995052
-12.894371 25.605061 29.782852
-4.937166 28.496014 27.664585
1.428599 30.808777 25.969973
6.521210 32.658985 24.614283
13.521559 33.478352 19.971294
19.121840 34.133846 16.256905
23.602062 34.658241 9.004565
28.803537 34.013760 3.483625
32.964718 33.498173 -0.933128
36.293663 33.085705 -7.035025
39.550213 30.801327 -11.919888
42.155457 28.973825 -15.827778
44.239651 27.511826 -19.054420
46.029179 24.992626 -21.635735
47.460796 22.977266 -23.700788
48.606091 20.648178 -24.857859
50.034279 18.476908 -25.783516
51.176826 16.739891 -26.524042
52.090866 14.258278 -26.564636
53.019897 12.272987 -26.597113
53.763123 10.684754 -26.623095
54.357704 7.980568 -25.205788
54.990444 5.811619 -24.071945
55.496628 4.076460 -23.164869
55.901585 1.853933 -18.589811
55.777596 0.075911 -14.929765
55.678394 -1.346506 -12.001727
55.599041 -2.646840 -4.207933
52.364952 -3.687108 2.027102
49.777687 -4.519321 7.015131
44.729256 -4.854692 12.888448
40.341450 -5.122989 17.587101
36.831203 -5.337626 21.346025
31.044394 -2.580536 25.316347
26.903624 -0.374864 28.492605
23.591007 1.389674 31.033615
19.451605 6.351704 32.578140
15.756120 10.321328 33.813759
12.799732 13.497027 34.802258
8.200658 18.064787 33.643269
4.573758 21.718994 32.716080
1.672237 24.642361 31.974329
-2.469893 28.683453 28.300741
-5.783597 31.916328 25.361870
-8.434559 34.502628 23.010771
-11.532689 37.674870 16.123333
-14.011193 40.212662 10.613385
-15.993997 42.242893 6.205427
-17.655870 42.450279 -3.294031
-18.985367 42.616188 -10.893596
-20.048964 42.748917 -16.973248
-22.354246 39.360699 -24.238247
-24.198469 36.650124 -30.050243
-25.673851 34.481663 -34.699844
-28.558718 30.098095 -37.606834
-30.866608 26.591240 -39.932426
-32.712925 23.785757 -41.853100
-34.626297 19.620571 -43.389637
-36.156990 16.288422 -44.618870
-37.381554 13.622702 -46.458416
-38.239029 11.378126 -47.588928
-38.925007 9.582466 -48.493340
-39.473793 8.145938 -48.952656
-40.453857 6.839915 -49.320110
-41.237907 5.795097 -49.614079
-41.865154 5.676043 -50.551571
-42.489120 5.541599 -51.301567
-42.988289 5.434044 -51.901566
-43.387627 6.064800 -52.297955
-43.253323 6.972605 -52.615063
-43.145882 7.698849 -52.868752
-43.059925 9.019044 -54.024853
-41.827633 10.075200 -54.949738
-40.841805 10.920125 -55.689640
-40.053143 12.312865 -57.154453
-37.874725 13.051857 -58.326302
-36.131992 13.643051 -59.263783
-34.737808 14.446405 -61.094006
-31.295410 15.089088 -62.558182
-28.541494 15.603235 -63.729527
-21.870436 17.907354 -65.114754
-16.772108 19.750648 -66.222931
-12.693446 21.225285 -67.109474
-5.707245 24.476994 -65.424118
0.510020 27.078360 -64.075836
5.483830 29.159452 -62.997211
11.696843 31.065128 -59.736378
16.603260 32.589668 -57.127716
20.528393 33.809299 -55.040787
24.413157 33.816204 -52.464909
27.596594 33.821728 -50.404209
30.143343 33.826149 -48.755650
32.157475 32.933685 -47.423420
33.768780 32.219715 -46.357635
35.057823 31.648537 -45.505013
35.344398 30.709995 -46.157326
35.573662 29.959160 -46.679176
35.757072 29.358494 -47.096653
34.740280 29.337160 -48.627934
33.926846 29.320093 -49.852955
33.276100 29.306440 -50.832973
31.370905 28.623518 -53.195545
29.846752 28.077179 -55.085598
28.627432 27.640108 -58.309971
25.662348 25.515251 -60.842651
23.290283 23.815367 -62.868793
21.392632 22.455458 -64.489708
18.030325 19.379532 -67.221184
15.340481 16.918791 -69.406364
13.188606 14.950197 -71.154503
9.913802 10.418523 -72.462723
7.293960 6.793183 -73.509293
5.198085 3.892911 -73.490395
2.090252 0.430294 -73.732788
-0.396014 -2.339800 -73.926704
-2.385027 -4.555876 -74.071800
-4.261301 -7.325536 -74.187874
-5.762320 -9.541264 -74.280739
-6.963135 -13.464247 -72.856743
-8.249573 -16.468233 -71.717545
-9.278724 -18.871422 -70.806183
-10.102043 -20.793972 -67.936684
-10.993404 -24.544014 -65.641083
-11.706493 -27.544046 -63.804607
-12.276966 -31.215273 -60.071266
-13.774695 -34.152252 -57.084595
-14.972879 -36.501839 -54.695259
-15.931426 -39.098305 -50.690201
-16.896065 -41.293079 -47.486149
-17.667774 -43.048901 -44.922913
-18.285141 -44.582355 -43.882332
-18.360167 -45.809120 -43.049862
-18.420185 -46.790531 -42.383884
-16.978893 -44.893261 -47.355984
-15.831676 -43.375443 -51.333656
-14.913901 -42.161190 -54.515800
-12.690373 -35.875385 -59.820633
-10.888280 -30.846743 -64.064507
-9.446606 -26.823830 -67.459602
-7.054114 -18.744699 -70.021835
-5.140121 -12.281395 -72.071625
-3.608926 -7.110751 -73.711456
-1.470606 0.822564 -73.307648
0.240051 7.169216 -72.984596
1.608576 12.246538 -72.726158
3.273522 20.177996 -67.997787
4.605480 26.523161 -64.215088
5.671046 31.599293 -61.188931
6.372241 37.121799 -51.243118
6.933196 41.539806 -43.286465
7.381961 45.074211 -36.921146
8.834683 44.967335 -24.377573
9.996862 44.881832 -14.342718
10.926605 44.813431 -6.314834
12.135808 40.205910 3.602367
13.103171 36.519894 11.536127
13.877062 33.571079 18.739300
13.373374 27.208029 24.478430
12.970424 22.117588 29.069729
12.648065 18.045235 32.742771
12.209829 12.816153 35.748093
11.859242 8.632887 38.152351
11.578773 5.286274 39.219589
9.917447 -0.235816 40.193779
8.588386 -4.653488 40.973133
7.525136 -8.187626 39.028122
5.103781 -13.775737 37.900196
3.166698 -18.246225 36.997852
1.617030 -21.822617 32.854660
-1.077108 -26.918129 29.540108
-3.232418 -30.994539 26.888464
-4.956665 -34.972466 22.375908
-8.296599 -38.205208 18.765863
-10.968547 -40.791401 15.877827
-13.106105 -43.577156 10.798240
-15.956405 -45.856159 6.734570
-18.236641 -47.679363 3.483634
-20.060833 -49.356327 -0.247521
-21.781979 -50.697899 -3.232444
-23.158897 -51.771156 -5.620382
-25.749741 -52.080959 -7.219704
-27.514084 -52.328804 -8.499162
-28.925554 -52.527081 -9.522728
-30.054733 -51.380901 -10.890061
-32.284492 -50.463955 -11.983928
-34.068302 -49.730400 -12.859020
-36.984657 -46.623554 -15.231294
-39.108307 -44.138081 -17.129110
-40.807224 -42.149700 -18.647366
-40.677052 -38.352596 -24.631077
-40.508919 -35.314911 -29.418043
-40.374409 -32.884766 -33.247620
-36.939129 -30.263046 -39.605507
-34.190907 -28.165672 -44.691818
-31.992323 -26.487774 -48.760868
-28.546352 -26.881454 -52.557899
-25.789577 -27.196400 -55.595524
-23.584156 -27.448355 -58.025623
-19.946545 -28.226719 -59.394466
-17.036459 -28.849411 -60.489544
-14.708389 -29.347565 -61.365601
-12.968102 -30.619686 -61.290550
-11.575872 -31.637384 -61.230511
-10.462090 -32.451542 -61.182476
-10.746221 -33.584469 -60.227688
-10.973527 -34.490810 -59.463852
-11.155370 -35.215885 -56.284294
-14.151476 -36.115143 -54.329254
-16.548361 -36.834549 -52.765228
-18.465870 -37.410076 -50.657841
-21.588085 -37.831295 -48.727791
-24.085859 -38.168270 -47.183743
-26.084078 -38.437851 -45.068939
-28.898535 -37.589516 -43.377090
-31.150101 -36.910847 -42.023613
-32.951351 -36.367912 -39.626484
-34.892662 -34.953564 -37.708782
-36.445713 -33.822086 -36.174618
-37.688156 -32.916904 -34.542618
-39.042809 -30.983160 -33.237015
-40.126518 -29.436163 -32.192535
-40.993492 -28.198566 -31.617815
-41.896511 -25.438889 -31.158035
-42.618919 -23.231146 -30.790213
-43.196842 -19.314552 -31.124701
-43.694096 -16.119677 -31.392292
-44.091896 -13.563776 -31.606365
-44.410137 -8.651855 -32.262562
-44.274944 -4.599120 -32.787518
-44.166794 -1.356931 -33.207481
-44.080269 4.249620 -33.958157
-42.225044 8.734861 -34.558701
-40.740871 12.323054 -35.039135
-39.553528 17.344009 -35.490368
-35.287609 21.931973 -35.851357
-31.874874 25.602343 -36.140144
-29.144690 30.145840 -35.411335
-21.992296 33.780636 -34.828289
-16.270384 36.688473 -34.361851
-7.259830 38.449142 -33.179359
-0.051387 39.857677 -32.233364
5.715366 40.984509 -31.476566
14.052043 38.733173 -29.085224
20.587578 36.932102 -27.172148
25.816008 35.491245 -25.641687
31.464788 29.292961 -22.985920
35.983818 24.334333 -20.861303
39.599037 20.367432 -19.161612
41.874546 13.621110 -16.049395
43.694954 8.224052 -13.559622
45.151276 3.906406 -11.567802
43.640236 -3.148510 -9.275370
42.431404 -8.792444 -7.441422
41.464336 -13.307591 -5.974265
36.961594 -19.394909 -5.539650
33.359394 -24.264763 -5.191959
30.477638 -28.160646 -4.913805
24.687483 -32.027756 -4.948801
20.055355 -35.121437 -4.976798
16.349657 -37.596386 -4.999194
10.569370 -39.374744 -4.498731
5.945141 -40.797432 -4.098360
2.245759 -41.935581 -3.778064
-1.900541 -42.241299 -2.204136
-5.217581 -42.485874 -0.944992
-7.871212 -42.681534 0.918488
-9.796319 -42.177261 3.231992
-11.336405 -41.773846 5.082797
-12.568473 -41.451111 8.148683
-10.656956 -41.176125 10.601391
-9.127742 -40.956135 12.563558
-7.904370 -40.780144 16.170027
-2.975513 -38.220150 19.055202
0.967574 -36.172153 21.363344
4.122043 -29.516157 24.343605
9.199552 -24.616961 26.727816
13.261557 -20.697603 28.635183
16.511162 -13.261317 29.475479
19.174841 -6.875489 30.147713
21.305782 -1.766826 30.685503
23.010536 7.903304 27.901772
20.738331 15.639408 25.674784
18.920565 21.828291 23.893194
17.466352 27.496197 15.655390
10.229393 31.823322 9.065147
4.439826 35.285023 3.792953
-3.915103 32.874382 -5.688879
-10.191810 30.945869 -13.274345
-15.213176 29.403061 -19.342718
-19.230268 22.210413 -26.498362
-22.286869 16.456295 -32.222874
-24.732151 11.853001 -36.802483
-24.454409 4.384765 -40.529716
-24.552185 -1.589823 -43.511505
-24.630405 -6.369494 -45.896931
-24.134493 -12.170031 -46.892254
-23.737762 -16.810459 -47.688515
-23.420380 -20.522804 -48.325516
-23.143200 -24.478279 -47.146210
-22.921457 -27.642660 -46.202755
-22.744064 -30.174164 -44.732296
-23.265358 -32.854568 -43.555927
-23.682392 -34.998890 -42.614830
-24.016020 -37.139946 -40.858639
-25.748960 -38.852791 -39.453678
-27.135309 -40.223068 -38.329716
-28.244392 -38.452091 -35.721561
-31.889208 -37.455307 -33.635033
-34.805058 -36.657883 -31.965813
-36.393085 -31.607141 -29.346188
-37.430805 -27.566549 -27.250486
-38.260975 -24.334074 -25.573927
-38.925117 -21.300095 -23.710955
-39.456429 -18.872911 -22.220575
-39.881477 -16.931164 -21.028275
-41.710823 -13.098567 -20.435627
-43.453545 -10.032489 -19.961508
-44.847725 -7.579626 -19.582212
-45.189327 -2.867736 -20.599813
-45.462605 0.901776 -21.413895
-45.681232 3.917386 -22.065159
-43.296375 9.146673 -24.081116
-41.388500 13.330103 -25.693878
-39.862190 16.676847 -26.984089
-35.028408 21.919043 -28.099869
-31.161386 26.112799 -28.992495
-28.067764 29.467804 -29.706593
-21.194752 33.411808 -29.692602
-15.696341 36.567013 -29.681410
-11.297613 39.091175 -29.672457
-4.020452 40.612106 -28.665319
1.801278 41.828850 -27.859608
6.458661 42.802246 -27.215040
13.343533 41.548161 -26.033854
18.851429 40.544895 -25.088902
23.257746 39.742283 -24.332941
29.296011 35.096191 -22.851942
34.126625 31.379318 -21.667141
37.991112 28.405819 -19.863136
40.803459 20.107821 -18.062082
43.053337 13.469421 -16.621239
44.853241 8.158702 -13.629146
44.530418 1.418126 -11.235474
44.272171 -3.974335 -9.320535
44.065567 -8.288303 -5.220088
43.696663 -10.686678 -2.006619
43.401546 -12.605377 0.564157
43.165447 -13.423537 3.687639
43.168556 -14.027665 6.186424
43.171040 -14.510967 8.185452
43.173027 -13.464009 9.456924
44.099617 -12.167243 10.474102
44.840893 -11.129829 11.287843
45.433910 -5.282298 11.296715
46.472630 -0.889874 11.303811
47.303608 2.624066 11.309488
47.968391 10.654419 10.237134
46.080093 17.078701 9.379251
44.569450 22.218126 8.692944
43.360935 29.135267 4.946657
37.978558 34.668980 1.949628
33.672653 39.095951 -0.447997
30.227932 41.797527 -6.981360
22.131580 43.958786 -12.208051
15.654502 45.687794 -16.389402
6.749566 43.246201 -22.540432
-0.310391 41.292927 -27.461256
-5.958356 39.730305 -31.397915
-11.966038 33.501808 -35.617447
-16.743095 28.519011 -38.993076
-20.564739 24.532774 -41.693577
-24.366709 16.572584 -41.887466
-27.268663 10.204432 -42.042583
-29.590225 5.109911 -42.166683
-31.284582 -1.009707 -40.132233
-32.640068 -5.905401 -38.504677
-33.724461 -9.821957 -37.202629
-33.917122 -14.920800 -35.023895
-34.071259 -18.999876 -33.280910
-34.194569 -22.263136 -31.886522
-33.705627 -25.271343 -29.386433
-33.314487 -27.677910 -27.386360
-33.001568 -29.603163 -25.786303
-32.780323 -31.742567 -22.352465
-32.603325 -33.454090 -19.605396
-32.461731 -34.823307 -17.407742
-32.546249 -35.728283 -14.900473
-32.613865 -36.452263 -12.894658
-32.667961 -37.031445 -11.290007
-33.374447 -36.660393 -8.059847
-33.939632 -36.363548 -5.475719
-34.391781 -36.126076 -2.552252
-34.445160 -35.835297 0.177817
-34.487873 -35.602673 2.361871
-34.522041 -35.416573 5.821445
-34.619183 -34.679695 8.070723
-34.696903 -34.090191 9.870145
-34.759071 -33.618591 13.252776
-34.250320 -31.561308 15.958880
-33.843319 -29.915482 18.123766
-33.517715 -28.598822 22.113142
-31.482864 -25.798292 25.304642
-29.854982 -23.557869 27.857838
-28.552673 -19.615129 31.124445
-25.463026 -16.175339 33.737732
-22.991308 -13.423506 35.828362
-21.013935 -6.921240 37.808548
-17.000273 -1.797827 39.392696
-13.789345 2.300903 40.660015
-11.220602 9.723888 38.914745
-6.896738 15.662275 37.518532
-3.437646 20.412985 36.401558
0.818937 25.635952 32.902695
4.131120 29.814327 30.103603
6.780868 33.157028 27.864330
8.900665 36.167187 23.748562
12.370876 38.575314 20.455946
15.147044 40.501816 17.821850
19.130716 42.093418 12.955449
22.317656 43.366699 9.062329
24.867203 44.385326 5.947832
28.396152 44.819427 1.345922
31.033148 45.166706 -2.335605
33.142746 45.444530 -5.280828
35.039860 44.149189 -10.620205
36.557549 43.112919 -14.891707
37.771694 42.283901 -18.308910
39.074623 40.976685 -22.895466
40.116966 39.930912 -26.564711
40.950836 39.094296 -29.500107
41.844826 37.181801 -33.353401
42.560009 35.651806 -36.436035
43.132160 34.427811 -38.902149
43.770226 32.429413 -41.818157
44.280674 30.830696 -44.150955
44.689037 29.551722 -46.017204
44.998276 28.388542 -47.627254
45.245667 27.457998 -48.915291
45.443577 26.713564 -49.945721
47.067947 25.591616 -49.054390
48.367439 24.694057 -48.341328
49.407036 23.976011 -46.643814
50.622673 20.758373 -45.285805
51.595184 18.184263 -44.199398
52.373196 16.124975 -41.617939
52.704720 11.111945 -40.037716
52.969940 7.101521 -38.773529
53.182117 3.893181 -36.919399
51.158619 -2.515090 -35.436092
49.539822 -7.641707 -34.249447
48.244781 -13.176601 -30.634649
45.480923 -17.901318 -27.742807
43.269829 -21.681089 -25.429338
41.500957 -26.138508 -21.876265
37.508656 -29.564442 -19.033804
34.314816 -32.305191 -16.759836
31.759741 -35.460987 -13.582840
24.683447 -37.985626 -11.041241
19.022411 -40.005337 -9.007962
14.493582 -40.187504 -5.705797
6.687654 -40.165237 -3.064065
0.442912 -40.147427 -0.950679
-4.552882 -37.769978 1.776791
-11.039455 -35.868019 3.958766
-16.228714 -34.346451 5.704348
-20.380123 -31.829996 7.933567
-24.283010 -29.816832 9.716941
-27.405321 -28.206301 11.143643
-29.903168 -26.021875 12.793352
-31.750189 -24.274336 14.113120
-33.227802 -22.876305 15.168932
-33.665237 -21.337879 17.113890
-34.282799 -20.107138 18.669855
-34.776852 -19.122545 19.914625
-34.898663 -18.290071 21.589359
-34.996113 -17.624092 22.929142
-35.074070 -17.091309 24.000971
-35.136440 -15.634683 25.634331
-35.011806 -14.469381 26.941017
-34.912098 -13.537140 27.986370
-34.209850 -11.962547 29.645372
-33.648048 -10.702873 30.972572
-33.198605 -9.695133 32.034336
-33.362637 -8.037743 32.255001
-33.493866 -6.711829 32.431534
-33.598850 -5.651098 32.572758
-34.538029 -3.783314 32.103813
-35.289368 -2.289086 31.728653
-35.890434 -1.093704 31.428530
-37.837330 0.741802 28.385826
-39.394852 2.210207 25.951664
-40.640862 3.384930 19.723509
-43.062992 4.218309 14.848004
-45.000690 4.885012 10.947600
-46.550850 5.418375 7.827278
-47.924786 6.640265 2.451497
-49.023937 7.617777 -1.849130
-49.903255 8.399786 -7.547097
-50.443817 9.142994 -12.105472
-50.876259 9.737560 -15.752171
-51.222214 10.930014 -19.294931
-51.382626 11.906376 -22.129139
-51.510963 12.687466 -24.396505
-51.613628 13.312338 -27.534781
-51.113995 14.260235 -30.045401
-50.714294 15.018553 -32.053894
-50.394531 16.980408 -34.583740
-49.109005 18.549892 -36.607624
-48.080582 19.805479 -38.226730
-47.257847 23.497950 -39.097271
-45.017265 26.451925 -39.793709
-43.224796 28.815105 -40.350857
-41.790825 32.856049 -40.381866
-37.839558 36.021603 -40.406681
-34.678539 38.554047 -40.426529
-32.149727 42.534401 -36.027809
-28.160324 45.718685 -32.508827
-24.968801 48.266113 -29.693647
-21.670929 49.514454 -22.354677
-19.532946 50.513126 -16.483501
-17.822559 51.312065 -11.786560
-16.454248 49.386417 -3.363577
-15.295609 47.845898 3.374810
-14.368696 46.613483 8.765520
-12.201850 42.939552 15.355620
-10.468375 40.000408 20.627699
-9.081594 37.649090 24.845364
-6.593393 32.744038 29.272980
-4.602835 28.819994 32.815071
-3.010386 25.680759 35.648746
-2.184384 18.566172 37.380581
-1.523582 12.874502 38.766052
-0.994941 8.321166 39.874428
-3.306307 3.564097 40.169170
-5.155400 -0.241557 40.404964
-6.634675 -3.286081 40.593597
-10.110234 -4.349700 39.935162
-12.890684 -5.200595 39.408413
-15.115042 -5.881311 38.987015
-19.605536 -5.473885 36.392429
-23.197931 -5.147943 34.316761
-26.071848 -4.887189 30.087734
-29.784664 -5.417787 27.370043
-32.754913 -5.842265 25.195890
-35.131111 -6.181848 21.744238
-37.136795 -8.127913 18.986265
-38.741329 -9.684766 16.779884
-40.024967 -10.930248 14.014805
-40.941338 -12.940234 11.802741
-41.674442 -14.548223 10.033090
-42.260918 -15.834614 7.359876
-42.619564 -17.894127 5.221304
-42.906479 -19.541737 3.510448
-43.136013 -22.293425 -1.423362
-43.046211 -24.141975 -5.370409
-42.974373 -25.620815 -8.528048
-42.916901 -26.087088 -14.462096
-42.062279 -26.644905 -19.209335
-41.378578 -27.091160 -23.007128
-40.831612 -27.448164 -25.560423
-39.841370 -28.019367 -27.603060
-39.049179 -28.476330 -29.237167
-38.415428 -30.275499 -30.012697
-37.384834 -31.798836 -30.633120
-36.560360 -33.017502 -31.129457
-35.900787 -34.093239 -31.967991
-34.564476 -34.953827 -32.638813
-33.495434 -35.642296 -33.175476
-32.640198 -36.226673 -33.815502
-31.746571 -36.694176 -34.327518
-31.031668 -37.068176 -34.737133
-30.459749 -37.434578 -35.573174
-29.978943 -37.727699 -36.242008
-29.594296 -37.962196 -36.777073
-30.031233 -37.892193 -37.696751
-30.084087 -37.836189 -38.432495
-30.126368 -37.791386 -39.021088
-30.718683 -37.044346 -40.050476
-31.192535 -36.446712 -40.873993
-31.571619 -35.968605 -41.532799
-31.874886 -33.799721 -43.932705
-32.146587 -32.064610 -45.852634
-32.363949 -30.676523 -47.388577
-31.892080 -25.993254 -50.998539
-31.514587 -22.246637 -53.886509
-31.212591 -19.249346 -56.196884
-30.633575 -12.942712 -58.697342
-30.170364 -7.897405 -60.697708
-29.799793 -3.861159 -62.298000
-29.398619 1.047838 -62.615051
-29.077679 4.975036 -62.868690
-28.820929 8.116794 -63.071598
-28.720247 11.201400 -62.869389
-28.639700 13.669085 -62.707619
-28.575262 15.643232 -63.434368
-27.313646 16.740952 -64.450539
-26.304354 17.619125 -65.263481
-25.496922 18.321665 -67.626160
-22.611191 18.189297 -69.191902
-20.302607 18.083403 -70.444489
-18.455740 17.998688 -71.650574
-13.272428 19.650116 -72.615433
-9.125778 20.971258 -73.387329
-5.808458 22.028172 -73.148674
0.597759 24.077702 -72.489532
5.722733 25.717327 -71.962227
9.822713 26.312227 -70.664146
15.650811 26.659348 -69.625679
20.313292 26.937042 -68.794914
24.043274 24.034399 -70.033257
26.654934 21.712284 -71.023933
28.744261 19.854591 -71.816475
30.415724 11.917238 -73.089287
27.901630 6.004155 -74.107536
25.890358 1.273689 -74.922134
24.281340 -2.387484 -75.433350
23.226828 -5.316422 -75.842323
22.383219 -7.659574 -76.169502
21.708334 -5.630894 -77.575020
21.290594 -4.007950 -78.699440
20.956402 -2.709595 -79.598976
19.199739 2.075489 -79.910591
17.602430 5.903556 -80.159882
16.324579 8.966009 -80.359314
12.323683 10.279172 -80.639252
9.576738 11.329702 -80.863213
7.379183 12.170127 -81.042374
4.131829 9.504867 -81.162300
1.132530 7.372658 -81.258240
-1.266909 5.666891 -81.334984
-4.675768 -0.362523 -79.045273
-7.210876 -5.186053 -77.213509
-9.238961 -9.044878 -75.748093
-10.890519 -14.987938 -70.405296
-12.211763 -19.742386 -66.131065
-13.268760 -23.545944 -62.711678
-14.125992 -28.184792 -55.360905
-14.811778 -31.895868 -49.480286
-15.360407 -34.864731 -44.775791
-14.984843 -36.814220 -34.758175
-14.684394 -38.373814 -26.744081
-14.444034 -39.621487 -20.332809
-13.006776 -34.683624 -7.896288
-11.856970 -30.733335 2.052928
-10.937125 -27.573103 9.156136
-7.309894 -15.530518 14.444063
-4.408110 -5.896449 18.674408
-2.086682 1.810805 17.777855
2.324393 11.381410 16.936871
5.853253 19.037893 16.264084
8.676342 25.163080 11.475131
11.545661 31.216831 7.643966
13.841119 36.059830 4.579035
15.677484 39.934231 -1.846050
18.176292 42.613750 -6.986119
20.175339 44.757366 -11.098175
21.774578 43.605061 -19.173647
24.601456 42.453613 -25.634026
26.862955 41.532455 -30.802328
28.672155 36.494728 -38.381695
29.462126 32.688549 -44.445190
30.094103 29.643604 -49.295990
30.599682 24.116447 -54.340473
28.979618 19.694723 -58.376064
27.683565 16.157343 -61.604534
26.646725 10.460238 -63.531811
25.793980 5.796155 -65.073631
25.111786 2.064888 -66.307091
24.566029 -2.583324 -65.845734
25.130053 -6.301895 -65.476646
25.581272 -9.276751 -65.181374
25.942249 -12.653437 -63.965252
26.329929 -15.354785 -62.992352
26.640072 -17.515863 -62.214031
26.143534 -19.614326 -61.728500
25.973188 -21.293097 -61.340073
25.836914 -22.636112 -61.029331
26.472549 -22.484125 -61.580048
26.352753 -22.362535 -62.020622
26.256918 -22.265265 -62.373081
23.201630 -21.504248 -63.889126
21.100639 -20.895433 -65.101967
19.419846 -20.408382 -66.072235
12.862630 -19.453140 -66.972198
7.826290 -18.688948 -67.692162
3.797218 -18.077595 -68.268135
-5.022584 -15.550110 -65.240715
-12.078426 -13.528123 -62.818771
-17.723101 -11.910534 -60.881218
-24.333181 -7.906062 -52.950073
-29.621244 -4.702485 -46.605156
-33.851696 -2.139623 -41.529221
-35.938728 1.237867 -30.545576
-37.608353 3.939858 -21.758661
-38.944050 6.101451 -11.304470
-37.063084 8.894726 -2.951150
-35.558308 11.129346 3.731506
-34.354488 12.917042 10.789961
-30.657154 14.072798 16.664145
-27.699287 14.997404 21.363489
-25.332991 15.737089 25.979130
-20.484606 15.824837 29.865620
-16.605898 15.895035 32.974812
-13.502934 15.951193 35.187927
-9.042572 16.080120 36.958416
-5.474284 16.183262 38.374805
-2.619653 16.265774 38.671822
1.851475 16.835783 38.909435
5.428378 17.291792 39.099522
8.289901 19.090199 38.071022
12.516384 19.823324 37.248222
15.897571 20.409824 36.589981
18.602520 19.445425 36.150349
21.127172 19.093904 35.798637
23.146893 18.812689 35.517265
24.762671 18.587715 35.027966
26.811583 18.010138 34.636528
28.450712 17.548075 34.323376
29.762014 17.178425 31.507700
33.271908 17.257904 29.255161
36.079823 17.321487 27.453127
38.326157 17.781155 23.944668
41.519451 18.148890 21.137899
44.074085 18.443077 18.892485
46.117794 18.628027 15.350379
48.305431 18.775986 12.516693
50.055542 18.894354 10.249745
51.455631 19.028248 6.553295
52.907303 19.135363 3.596133
54.068649 19.221054 1.230404
54.997719 19.911209 -5.565063
55.246483 20.463333 -11.001436
55.445484 20.905031 -15.350534
52.067581 22.479191 -23.465145
49.365265 23.738518 -29.956833
47.203403 24.745979 -35.150181
41.256145 26.991148 -41.157658
36.498341 28.787283 -45.963638
32.692097 30.224190 -49.808422
26.587036 31.104916 -53.054813
21.702988 31.809498 -55.651924
17.795750 32.373165 -57.729618
12.185836 30.880898 -60.171017
7.697906 29.687084 -62.124134
4.107562 28.732033 -63.686630
-0.271475 26.399992 -65.046989
-3.774706 24.534359 -66.135277
-6.577290 23.041853 -67.005905
-11.512912 21.265448 -66.003456
-15.461411 19.844322 -65.201492
-18.620211 18.707422 -63.703766
-21.705740 17.758703 -62.930317
-24.174166 16.999727 -62.311562
-26.148903 16.392548 -61.856689
-27.082939 17.138803 -61.492786
-27.830168 17.735807 -61.201668
-28.427948 18.213411 -61.517250
-28.336048 19.362694 -61.769718
-28.262527 20.282120 -61.971695
-28.203714 20.300861 -63.320534
-26.521912 20.467054 -64.399605
-25.176472 20.600008 -65.262863
-24.100119 17.839170 -67.572159
-20.417492 15.832102 -69.419594
-17.471392 14.226446 -70.897537
-15.114511 13.815521 -71.909332
-8.266581 13.486782 -72.718773
-2.788236 13.223790 -73.366318
1.594440 14.446997 -71.165367
8.736588 15.778362 -69.404594
14.450308 16.843454 -67.995987
19.021284 18.037128 -61.069916
26.412971 18.992067 -55.529060
32.326324 19.756020 -51.096378
37.057003 18.261581 -37.767876
40.149250 17.066031 -27.105076
42.623051 16.109589 -18.574833
40.134163 12.908436 -6.928022
38.061607 10.347513 2.389425
36.403561 8.298776 9.843383
31.353849 4.962986 16.829937
27.314079 2.294353 22.419180
24.082266 0.159447 26.890570
17.360491 -2.819678 29.986090
11.983070 -5.202977 32.462509
7.681134 -7.109617 34.443642
1.086437 -9.637329 34.396484
-4.189320 -11.659498 34.358757
-8.409925 -13.277234 34.328575
-13.461884 -15.943422 31.899813
-17.503447 -18.076374 29.956800
-20.736700 -19.782734 28.402393
-23.253492 -21.758223 25.439848
-25.266924 -23.338614 23.069811
-26.877672 -24.602926 21.173780
-30.376963 -25.362377 15.359409
-33.176395 -25.969936 10.707912
-35.415943 -26.455984 1.849725
-38.033676 -24.352823 -5.012752
-40.127869 -22.670294 -10.502733
-41.803223 -21.324270 -14.894717
-41.619286 -18.046652 -23.180758
-41.472141 -15.424557 -29.809587
-41.354420 -13.326880 -39.045658
-36.292007 -12.527940 -46.434521
-32.242073 -11.888787 -52.345608
-29.002127 -12.094265 -57.940674
-23.326834 -12.197047 -62.416729
-18.786598 -12.279273 -65.997574
-15.154409 -14.495454 -68.163269
-9.776174 -15.893199 -69.895828
-5.473585 -17.011395 -71.281868
-2.031514 -16.472351 -72.688362
1.955478 -16.169916 -73.813545
5.145070 -15.927968 -74.713699
7.696745 -12.867209 -75.795013
10.273305 -10.737803 -76.660065
12.334553 -9.034277 -77.352104
13.983550 -7.100257 -77.715111
15.867058 -5.553041 -78.005516
17.373863 -4.315268 -78.237831
18.579309 -3.554649 -78.303291
19.910173 -2.946155 -78.355659
20.974865 -2.459359 -78.397552
23.315929 -2.417122 -78.093300
24.868811 -2.383333 -77.849876
26.111115 -2.356302 -77.655144
28.594271 -2.530677 -76.054581
30.330635 -2.670177 -74.774132
31.719727 -2.781776 -73.749771
34.611191 -3.067056 -71.579147
36.924366 -3.295280 -69.842651
38.774899 -3.477859 -68.453453
41.744637 -2.839923 -64.974258
44.277504 -2.329573 -62.190907
46.303799 -1.921294 -59.964226
49.053452 -0.922670 -55.674580
51.253174 -0.123771 -52.242867
53.012947 0.515348 -49.497494
54.990894 -0.238957 -44.023689
56.573257 -0.842401 -39.644646
57.839146 -1.325156 -36.141411
57.973392 -3.626560 -29.753633
58.080795 -5.467684 -24.643412
58.166714 -6.940582 -20.555231
57.740952 -9.474101 -17.930159
57.400345 -11.500916 -15.830099
57.127853 -13.122369 -14.150051
56.316467 -15.640330 -14.381223
55.667362 -17.654699 -14.566160
55.148075 -19.266195 -11.289451
53.435318 -20.924992 -8.554373
52.065109 -22.252029 -6.366311
50.968945 -23.313660 2.233458
46.485088 -22.650963 8.879168
42.898006 -22.120806 14.195734
40.028343 -21.696680 20.820164
34.503830 -18.450979 26.119709
30.084225 -15.854419 30.359344
26.548540 -13.777170 33.751049
21.887442 -9.432971 36.742001
18.158564 -5.957612 39.134766
15.175462 -3.177324 40.286453
9.821996 0.822105 41.207802
5.539224 4.021649 41.944881
2.113005 6.581285 40.935925
-2.943379 9.457792 40.128757
-6.988488 11.758999 39.483021
-10.224573 12.883163 38.347725
-14.326021 14.056896 37.439484
-17.607182 14.995882 36.712891
-20.232107 14.313471 35.502872
-23.606106 13.526741 34.534855
-26.305305 12.897358 33.760445
-28.464664 9.582651 32.522202
-30.651745 6.930885 31.531609
-32.401409 4.809473 30.739132
-33.801144 -0.146857 28.098515
-34.955833 -4.111921 25.986019
-35.879585 -7.283973 24.296024
-36.618584 -12.336013 18.903999
-36.878181 -16.377645 14.590380
-37.085854 -19.610952 11.139485
-36.146656 -23.631197 5.947394
-35.395290 -26.847393 1.793720
-34.794201 -29.420349 -1.529218
-33.568668 -31.937916 -5.869799
-32.500984 -33.951969 -9.342265
-31.646839 -35.563210 -12.120237
-29.590563 -37.625004 -16.456272
-27.945539 -39.274437 -19.925100
-26.629524 -40.593987 -22.700165
-19.543844 -41.145626 -27.375000
-13.875300 -41.586937 -31.114868
-9.340466 -41.939983 -34.106762
-5.200647 -42.334423 -36.132397
-1.888792 -42.649975 -37.752903
0.760691 -42.902416 -39.049305
2.187982 -42.936367 -40.715176
3.329815 -42.963528 -42.047871
4.243280 -42.985256 -43.114029
3.833800 -43.064240 -43.896721
3.506216 -43.127426 -44.522877
3.244149 -43.177975 -46.736130
3.005408 -41.964016 -48.359581
2.814414 -40.992847 -49.658340
2.661619 -40.215912 -52.409679
1.835452 -38.675964 -54.082333
1.174519 -37.444008 -55.420460
0.645772 -36.458443 -58.504288
0.158781 -33.749191 -60.971348
-0.230811 -31.581787 -62.944996
-0.542486 -29.847864 -66.507141
1.709748 -25.806326 -69.356857
3.511536 -22.573095 -71.636627
4.952967 -16.402512 -73.493889
7.676867 -11.874845 -74.979698
9.855987 -8.252710 -76.168350
11.599283 -1.771004 -76.554062
13.063731 3.324762 -76.862640
14.235290 7.401375 -77.109482
15.172537 14.005865 -75.082954
16.498278 19.289457 -73.461731
17.558870 23.516331 -72.164749
18.407345 27.306631 -70.190727
19.121031 30.338871 -68.611519
19.691978 32.764664 -67.348145
19.404083 34.475697 -66.491287
19.772982 35.844521 -65.805801
20.068098 36.939583 -65.257416
20.304192 35.071632 -67.149750
19.277185 33.577271 -68.663612
18.455580 32.381783 -69.874710
17.053642 28.742990 -72.101074
16.001904 25.831957 -73.882164
15.160511 23.503130 -75.307045
14.487398 22.127270 -76.577370
13.943090 21.026581 -77.593643
13.507644 20.146030 -78.406647
12.402997 18.444790 -78.886497
11.519279 17.083797 -79.270370
10.812304 15.995003 -79.577477
9.333360 11.399967 -80.104080
8.150204 7.723939 -80.525375
7.203679 4.783116 -80.862404
6.405736 -1.803143 -78.800987
5.767382 -7.072149 -77.151848
5.256698 -11.287354 -75.832542
5.296107 -17.487518 -71.188560
5.327636 -22.447651 -67.473373
5.352858 -26.415756 -64.501228
5.989702 -30.911840 -59.126930
6.499178 -34.508709 -54.827492
6.906759 -37.386204 -50.531776
7.308452 -40.069000 -47.168781
7.629807 -42.215237 -44.478386
7.886890 -43.932224 -45.566788
8.901206 -44.040215 -46.437511
9.712658 -44.126606 -47.134090
10.361819 -44.195721 -51.972176
12.550805 -39.317413 -55.749001
14.301994 -35.414764 -58.770462
15.702944 -32.292648 -62.043797
18.027950 -23.612553 -64.715973
19.887955 -16.668476 -66.853714
21.375959 -11.113216 -67.560593
22.851427 -3.790608 -68.126091
24.031799 2.067478 -68.578491
24.976099 8.417148 -67.876892
24.899618 13.496883 -67.315620
24.838434 17.560673 -66.866592
24.789486 22.962103 -63.062653
25.396086 27.720049 -60.019493
25.881363 31.526405 -57.584965
26.269585 36.721889 -51.306358
26.708151 40.379875 -46.283466
27.059002 43.306267 -42.265160
27.339685 46.263378 -35.478695
25.981838 48.629066 -30.049526
24.895561 50.521618 -25.706190
24.026541 51.615658 -18.703186
20.701761 52.490891 -13.100780
18.041939 53.191078 -8.618857
12.935461 51.796829 -1.702301
8.914273 50.681427 3.830944
5.697323 49.789108 8.257539
0.145144 46.269653 13.052962
-4.209335 43.454086 16.889301
-7.692917 41.201633 19.958372
-12.603214 37.422871 21.998926
-16.531450 34.399860 23.631367
-19.674038 31.981453 24.937321
-23.875217 29.951527 23.493855
-27.236162 28.327587 22.339083
-29.924919 27.028435 21.415264
-32.570419 24.320312 21.003960
-34.686821 22.153814 20.674917
-36.379944 20.420616 20.411680
-37.862423 16.732458 20.672651
-39.048412 13.781931 20.881430
-39.997200 11.421510 21.048452
-40.471169 8.911572 21.576710
-40.850342 6.903623 21.999313
-41.153679 5.297263 21.952793
-41.175285 1.811375 21.915577
-41.192566 -0.977336 21.885801
-40.461735 -6.198704 20.387104
-39.783997 -10.375799 19.188148
-39.241795 -13.717475 18.228981
-36.574074 -18.317215 16.913168
-34.556248 -21.997009 15.860515
-32.941994 -24.940844 15.018394
-28.887220 -27.508711 16.347990
-25.643400 -29.563004 17.411667
-23.048344 -31.206438 18.262608
-17.452642 -32.112385 19.465084
-12.976081 -32.837143 20.427069
-9.394832 -33.416950 21.196653
-1.992094 -34.418396 18.962898
3.930096 -35.219551 17.175894
8.667850 -35.860477 15.746291
15.867173 -35.040417 12.044147
21.626633 -34.384369 9.082432
26.234200 -33.859531 6.713059
31.409563 -32.017258 4.623587
35.549854 -30.543444 2.952008
38.862091 -29.364389 1.614745
41.366436 -28.269947 0.641923
43.369907 -27.394394 -0.136336
44.972691 -26.693951 0.953387
46.493435 -25.175997 1.861954
47.710033 -23.961634 2.588808
48.683315 -22.990143 3.942846
50.421837 -19.575350 5.026077
51.812660 -16.843515 5.892661
52.925320 -14.658048 7.191265
53.960888 -11.632874 8.230148
54.789341 -9.212734 9.061254
55.452103 -5.843022 10.351540
55.988129 -3.152853 11.383768
56.416950 -1.000717 12.209553
56.760014 0.720991 13.020679
56.400337 4.332758 13.669580
56.112606 7.222171 14.188699
55.882412 13.117702 13.701007
54.616184 17.436527 13.310854
53.603203 20.891586 12.998731
52.792812 26.522833 7.916382
50.556293 31.235031 3.850505
48.767082 35.004791 0.597801
47.335709 38.496597 -8.870403
42.624413 41.290043 -16.444965
38.855377 43.524799 -22.504618
35.840145 45.721405 -27.369061
31.764124 47.478687 -31.260612
28.503309 48.884514 -34.373856
25.894655 49.852375 -37.449722
23.953175 50.626667 -39.910412
22.399986 51.246098 -41.878963
21.902094 50.050442 -45.741375
21.335068 49.093918 -48.831303
20.881447 48.328701 -51.303242
20.175312 45.028526 -55.688759
19.610403 42.388386 -59.197170
19.158476 40.276272 -62.003902
17.546146 33.585781 -65.974998
16.256285 28.233389 -69.151871
15.224393 23.951475 -71.693367
12.950294 15.889145 -72.515900
11.131016 9.439281 -73.173920
9.675592 4.279389 -73.700333
6.923046 -0.251724 -73.576332
4.721008 -3.876614 -73.477135
2.959378 -6.776527 -73.397774
1.427905 -7.965257 -73.993134
0.202726 -8.916241 -74.469421
-0.777417 -9.677029 -74.850449
-4.522698 -8.314458 -74.553284
-7.518923 -7.224401 -74.315544
-9.915902 -6.352356 -71.600342
-15.166980 -3.106720 -69.428169
-19.367842 -0.510211 -67.690437
-22.728531 1.566996 -64.390610
-26.475885 4.634362 -61.750740
-29.473770 7.088254 -59.638844
-31.872080 9.051368 -54.996223
-35.192776 10.465059 -51.282131
-37.849331 11.596012 -48.310860
-39.974571 10.350374 -44.167995
-42.460140 9.729064 -40.853710
-44.448601 9.232016 -38.202282
-46.039371 8.834377 -36.014248
-47.317799 8.673067 -34.263824
-48.340542 8.544019 -32.863483
-49.158737 8.440780 -28.656334
-50.203075 7.898989 -25.290617
-51.038540 7.465556 -22.598040
-51.706913 4.968410 -17.076174
-51.467869 2.785892 -12.658683
-51.276634 1.039879 -9.124689
-50.378998 -2.260932 -6.514880
-49.911045 -4.901581 -4.427032
-49.536682 -7.014100 -2.756754
-49.237190 -10.708916 -2.132888
-48.014416 -13.664768 -1.633793
-47.036198 -16.029449 -1.234518
-44.019669 -19.925995 -1.971927
-41.844959 -23.043232 -2.561854
-40.105190 -25.537022 -3.033796
-35.734764 -29.598454 -6.538359
-32.354771 -32.847599 -9.342009
-29.650776 -35.446915 -11.584929
-24.165720 -37.128769 -17.834000
-19.777678 -38.474251 -22.833256
-16.267241 -39.550636 -26.832661
-11.492540 -38.563744 -32.945152
-7.672780 -37.774231 -37.835144
-4.616972 -37.142620 -41.747139
-1.043708 -35.270931 -46.331547
1.814903 -33.773582 -49.999073
4.101793 -32.575699 -52.933094
7.717311 -29.954195 -55.641502
10.609727 -27.856991 -57.808235
12.923659 -26.179228 -59.541615
17.096031 -23.033817 -61.088852
20.433933 -20.517488 -62.326641
23.104252 -18.504425 -59.892216
28.364567 -15.740376 -58.141994
32.572815 -13.529136 -56.741810
35.939415 -11.760144 -50.484680
40.412888 -10.003351 -45.365261
43.991665 -8.597916 -41.269733
46.854687 -7.473567 -35.341198
49.418533 -4.524489 -30.598373
51.469604 -2.165226 -26.804115
53.110466 -0.277816 -22.912542
54.300987 2.368912 -19.899614
55.253399 4.486294 -17.489273
56.015339 6.897000 -13.527610
56.211830 8.965565 -10.358277
56.369030 10.620417 -7.822813
56.494781 12.661098 -4.647312
56.339413 14.248844 -2.106912
56.215118 15.519041 -0.074592
56.115681 17.380798 3.480980
55.710342 18.870205 6.325437
55.386078 20.061729 8.601003
55.126667 20.298149 9.153931
55.477623 20.638485 9.596272
55.758389 20.910753 9.950146
55.983002 18.804567 6.561100
57.081875 17.119619 3.849862
57.960979 15.771660 1.680872
58.664261 12.330092 -3.308417
59.058167 9.576838 -7.299848
59.373299 7.374235 -10.492992
58.136097 4.363353 -16.626011
57.518654 1.954647 -21.532425
57.024704 0.027682 -25.457558
55.140236 -2.073889 -31.206289
53.283607 -3.755147 -35.805279
51.798298 -5.100152 -39.484467
48.434265 -7.016158 -44.397667
45.743046 -8.548962 -48.328224
43.590061 -9.775205 -51.472675
38.743618 -10.291399 -55.951393
34.866459 -10.704354 -59.534367
31.764738 -11.034719 -62.400745
26.269835 -9.663811 -65.533295
21.873913 -8.567083 -68.039330
18.357174 -7.689702 -70.044159
10.732616 -4.781397 -70.811920
4.632971 -2.454753 -71.426132
-0.246746 -0.593437 -71.917503
-7.571277 2.950815 -68.397659
-13.430902 5.786217 -65.581779
-18.118603 8.054539 -63.329079
-22.014202 9.689996 -61.189137
-25.130684 10.998362 -59.477184
-27.623869 12.045054 -54.682957
-30.834299 13.588009 -51.446224
-33.402637 14.822372 -48.856834
-35.457317 15.809862 -41.802181
-38.148224 16.622255 -36.158451
-40.300953 17.272169 -31.643471
-42.023132 17.792101 -22.703863
-42.615498 17.939245 -15.552180
-43.089394 18.056961 -9.830832
-43.468510 18.867933 -4.410966
-43.306396 19.208712 -0.075073
-43.176697 19.481335 3.393641
-43.072945 19.699432 5.757252
-42.879406 20.484310 7.648139
-42.724571 21.112213 9.160850
-42.600708 21.614536 11.200429
-41.931496 22.385994 12.832092
-41.396118 23.003160 14.137424
-40.967819 23.496893 17.211733
-38.996250 24.020679 19.671183
-37.418995 24.439709 21.638741
-36.157188 25.166931 24.022131
-34.211102 25.748711 25.928846
-32.654240 26.214134 27.454216
-31.408749 26.877672 29.119316
-29.231382 27.408503 30.451397
-27.489485 27.833168 31.517059
-23.862005 28.744099 32.884628
-20.826214 29.472843 33.978683
-18.397585 30.055840 34.853928
-11.986752 30.555836 35.313328
-7.119877 30.955833 35.680843
-3.226378 31.275833 35.974857
4.525060 30.501431 34.594727
10.726211 29.881908 33.490623
15.687131 29.386292 32.607342
24.071438 25.999397 26.392494
30.778883 23.289883 21.420618
36.144840 21.122271 17.443115
40.839020 16.565781 8.207760
44.594364 12.920589 0.819478
47.598637 10.004436 -5.091149
48.408031 5.929914 -13.879745
49.055546 2.670296 -20.910622
49.573555 0.062601 -26.535326
46.090168 -3.597154 -34.289181
43.303452 -6.524959 -40.492268
41.074081 -8.867203 -45.454735
35.340424 -10.908998 -51.672150
30.753498 -12.542433 -56.646072
27.083956 -13.849181 -60.625214
21.606026 -15.112980 -63.691471
17.223684 -16.124020 -66.144478
13.717808 -16.932850 -68.106880
8.655873 -17.176716 -69.596542
4.606326 -17.371807 -70.788277
1.366688 -17.527882 -69.801903
-4.296723 -17.176741 -69.012810
-8.827453 -16.895828 -68.381538
-12.452036 -16.671097 -66.946777
-16.358150 -17.437714 -65.798965
-19.483040 -18.051006 -64.880714
-21.982956 -19.258440 -63.159523
-22.935717 -20.784388 -61.782570
-23.697924 -22.005146 -60.681007
-24.307688 -22.981752 -57.197815
-27.710127 -22.760637 -54.411263
-30.432076 -22.583746 -52.182022
-32.609638 -19.575031 -46.054256
-36.527477 -17.067261 -41.152050
-39.661747 -15.061043 -37.230278
-42.169159 -12.621670 -28.929119
-44.041290 -10.670171 -22.288191
-45.538986 -9.108972 -16.975449
-46.737148 -7.389613 -9.765466
-46.439072 -6.014125 -3.997478
-46.200615 -4.913735 0.616911
-46.009846 -3.350224 7.291621
-43.949047 -2.099414 12.631391
-42.300419 -1.098766 16.903208
-37.258236 1.667352 22.551369
-33.317570 3.880246 27.069901
-30.165041 5.650562 30.684723
-26.066442 7.458815 34.014702
-22.787565 8.905416 36.678680
-20.164463 10.062698 38.809868
-15.517866 11.145324 40.779022
-11.800587 12.011424 42.354351
-8.826765 12.704304 43.614609
-2.154307 13.913809 43.315151
3.183659 14.881413 43.075592
7.454032 15.655495 42.883942
12.871590 15.669960 42.402870
17.205635 15.681534 42.018017
20.672873 15.690792 41.710133
20.875277 13.586998 42.574162
21.037199 11.903963 43.265388
21.166737 10.557535 43.818367
18.140491 9.306793 44.775791
15.719494 8.306199 45.541725
13.782697 7.505724 45.298309
8.254010 7.162144 45.591862
3.831062 6.887280 45.826702
0.292702 6.667389 45.158409
-5.214087 6.373876 44.122116
-9.619520 6.139066 43.293076
-13.143866 5.951218 40.061352
-17.952967 3.079339 37.950878
-21.800247 0.781836 36.262497
-24.878073 -1.056167 31.423590
-29.411406 -5.584168 27.552465
-33.038071 -9.206570 24.455564
-35.939400 -12.104491 21.121880
-38.434998 -14.803628 18.294397
-40.431469 -16.962936 16.032413
-42.028648 -20.840786 11.801486
-42.974785 -23.657463 8.416743
-43.731697 -25.910805 5.708948
-44.337227 -27.713478 -0.691291
-43.152000 -30.572418 -5.811482
-42.203812 -32.859570 -9.907635
-41.445267 -34.409290 -18.843273
-36.405403 -35.649067 -25.991783
-32.373508 -36.640888 -31.710592
-29.147997 -36.000748 -38.787247
-22.535982 -35.135834 -44.448570
-17.246372 -34.443901 -48.977631
-10.036062 -31.560757 -53.119259
-3.878035 -29.254240 -56.432560
1.048387 -27.409027 -59.083202
4.989524 -24.202457 -61.223778
10.190234 -21.637201 -62.936245
14.350802 -19.584995 -64.306213
17.650169 -15.927232 -66.275078
20.289661 -13.001020 -67.850174
22.401257 -10.660051 -69.110245
21.856567 -6.788076 -71.094864
21.804779 -3.690496 -72.682564
21.763350 -1.212432 -73.952721
20.531776 2.158819 -74.985573
19.546516 4.855820 -75.811844
18.758310 7.013421 -76.472870
17.743782 10.066702 -76.416420
16.932161 12.509327 -76.371262
16.282862 14.463427 -76.335136
16.292828 17.068306 -75.871460
16.300798 19.152210 -75.500519
16.307177 20.819334 -74.347603
16.766052 22.690632 -74.027260
17.133152 24.187670 -73.770988
17.426832 25.385300 -73.565971
16.969481 26.741005 -73.314995
16.603600 27.825569 -73.114220
16.310896 28.693220 -72.953598
15.070283 30.400940 -72.132812
14.077794 31.767117 -71.476189
13.283803 32.860058 -69.248589
11.031312 34.692013 -67.466507
9.229321 36.157574 -66.040848
7.787727 37.330025 -61.044228
5.209136 40.216785 -57.046932
3.146264 42.526192 -53.849094
1.495966 44.373718 -40.026909
0.821483 46.120541 -28.969152
0.281897 47.517998 -20.122950
-0.149771 45.768764 -9.370499
1.081467 44.722176 -0.768538
2.066458 43.884907 6.113032
2.854450 41.003090 13.521249
3.758271 38.697636 19.447821
4.481329 36.853275 24.189075
5.059775 32.510586 29.028881
5.179292 28.711634 32.900726
5.274906 25.672472 35.998199
5.351398 21.152342 38.285545
4.993721 17.536238 40.115425
4.707582 14.643354 41.579330
3.734015 10.794648 42.840748
3.269313 7.715683 43.849884
2.897551 5.252511 44.657192
2.594324 2.839573 45.333141
2.351743 0.909223 45.873894
2.157678 -0.635057 46.055672
2.142048 -1.988081 46.201092
2.129544 -3.070500 46.317432
2.119541 -3.936435 46.410500
3.309968 -4.589983 46.060219
4.262309 -5.112822 45.779991
5.024181 -5.531093 45.555809
6.960095 -6.823309 45.021957
8.508827 -7.857083 44.594879
9.747812 -8.684101 43.253242
11.425480 -10.409717 42.179932
12.767612 -11.790209 41.321281
13.841318 -12.894603 40.527344
14.275599 -14.030117 39.892193
14.623022 -14.938529 39.384071
14.900961 -14.231659 40.375530
13.639820 -13.363762 41.168697
12.630907 -12.669445 41.803234
11.823778 -7.813191 42.340958
9.043010 -3.894588 42.771141
6.818395 -0.759706 43.115288
5.038703 6.620200 40.775288
2.247810 12.524125 38.903286
0.015095 17.247265 37.405689
-1.771077 24.083378 31.679298
-3.642154 29.552267 27.098186
-5.139014 33.927380 23.433296
-7.081157 38.345867 14.320943
-8.611601 41.880657 7.031060
-9.835956 44.708492 1.199154
-11.560095 44.747559 -9.151844
-12.799784 44.778812 -17.432642
-13.791534 44.803814 -24.057278
-14.933991 42.203014 -31.724821
-15.847959 40.122375 -37.858856
-16.579132 38.457867 -42.766083
-17.466583 35.418259 -47.437660
-18.176548 32.986572 -51.174931
-18.744520 31.041222 -54.164742
-19.274527 25.049742 -57.673615
-19.698528 20.256557 -60.480721
-20.037733 16.422010 -62.726402
-18.912868 10.761573 -64.790504
-18.012978 6.233223 -66.441780
-17.293062 2.610543 -67.762802
-14.535525 -3.748402 -67.247749
-12.329496 -8.835557 -66.835716
-10.564674 -12.905281 -63.081425
-9.443697 -18.389860 -60.211769
-8.546914 -22.777525 -57.916042
-7.829488 -26.287657 -53.510963
-8.523787 -29.683762 -49.766171
-9.079226 -32.400642 -46.770340
-9.523578 -34.574150 -42.109516
-9.977958 -36.923355 -38.380863
-10.341462 -38.802719 -35.397934
-10.632266 -40.306210 -32.195564
-10.306417 -41.934605 -29.633665
-10.045740 -43.237320 -27.584146
-9.837196 -44.996292 -25.452906
-10.199765 -46.039471 -23.747911
-10.489820 -46.874012 -22.383917
-10.721865 -47.541645 -18.643963
-11.524166 -48.131752 -15.651998
-12.166009 -48.603836 -13.258426
-12.679483 -46.842304 -6.835324
-14.259603 -45.433079 -1.696842
-15.523700 -44.305698 2.413943
-16.534977 -41.656593 6.956718
-18.501703 -39.537312 10.590939
-20.075083 -37.841885 13.498314
-22.078442 -35.768742 16.302465
-23.564777 -34.110229 18.545786
-24.753847 -32.783417 20.340443
-25.705103 -31.307571 22.628986
-25.878529 -30.126892 24.459826
-26.017267 -29.182350 25.924496
-25.232344 -27.446716 28.567762
-24.604410 -26.058208 30.682377
-24.102060 -24.947403 32.374069
-21.675650 -22.541157 35.025043
-19.734520 -20.616161 37.145828
-18.181620 -19.076164 38.842453
-15.711781 -15.626567 40.614460
-13.735910 -12.866889 42.032070
-12.155214 -10.659146 43.166149
-10.937199 -7.980152 44.260704
-9.962786 -5.836957 45.136349
-9.183254 -4.122400 45.836864
-9.426454 -0.600355 45.898960
-9.621015 2.217281 45.948639
-9.776663 4.471390 45.988380
-12.117693 9.069077 43.876415
-13.990517 12.747226 42.186844
-15.488774 15.689745 38.266693
-19.264584 18.956562 34.883087
-22.285233 21.570015 32.176197
-24.701752 23.660778 26.586031
-28.502420 25.333387 22.174097
-31.542953 26.671474 18.644545
-33.975388 27.741945 11.861142
-36.503090 28.441523 6.434421
-38.525249 29.001184 2.093044
-40.142982 29.448914 -6.517048
-40.552883 29.090296 -13.184393
-40.880810 28.803402 -18.518267
-41.143154 28.573887 -27.236757
-39.031799 27.858274 -34.211552
-37.342716 27.285786 -39.791386
-35.991451 26.827793 -46.700005
-31.332602 25.761400 -52.226894
-27.605524 24.908285 -56.648411
-24.623863 22.792192 -61.386265
-17.782240 20.796919 -65.176544
-12.308941 19.200701 -68.208771
-7.930301 16.490126 -69.554306
-0.221255 14.405666 -70.630737
5.945982 12.738098 -71.491882
10.879771 9.992844 -70.659103
17.072403 7.796639 -69.992874
22.026506 6.039677 -69.459892
27.479101 3.060506 -66.772697
32.155323 0.677169 -64.622940
35.896309 -1.229500 -62.903137
38.889091 -3.958835 -58.202965
42.743538 -6.142303 -54.442825
45.827099 -7.889079 -51.434715
49.015327 -9.185698 -46.630299
51.565914 -10.222994 -42.786758
53.606380 -11.052831 -39.711933
55.238762 -11.274300 -37.064785
56.626106 -11.451475 -34.947063
57.735981 -11.593215 -33.252888
58.583160 -11.460207 -33.044674
59.260902 -11.353801 -32.878109
59.803097 -11.268676 -32.744854
59.556190 -10.909376 -34.788692
59.358662 -10.621936 -36.423767
59.200642 -10.391984 -37.731823
56.741364 -8.371222 -43.069126
54.773941 -6.754613 -47.338970
53.200005 -5.461326 -50.754845
47.490376 -1.391496 -56.193157
42.922676 1.864368 -60.543812
39.268513 4.469060 -64.024330
31.440939 8.014413 -66.909088
25.178875 10.850696 -69.216881
20.169228 13.119721 -69.350792
11.955372 15.013342 -69.598389
5.384288 16.528238 -69.796463
0.127420 17.740156 -69.954918
-8.016598 18.776890 -65.978111
-14.531813 19.606277 -62.796669
-19.743984 20.269787 -55.020878
-25.967339 20.475794 -48.800247
-30.946022 20.640600 -43.823746
-34.928970 20.772446 -34.705551
-38.121147 19.937122 -27.270531
-40.674889 19.268864 -21.322514
-42.717876 18.734257 -11.072606
-41.536549 18.888969 -2.872679
-40.591484 19.012741 3.687263
-39.835426 19.828558 11.279637
-35.617847 20.643612 17.353537
-32.243786 21.295654 22.212658
-29.544537 21.100489 26.979528
-25.395510 21.168356 30.793024
-22.076290 21.222651 33.843822
-19.420914 22.072485 35.913235
-15.656046 22.752354 37.568760
-12.644152 23.296247 38.893185
-10.234635 23.860163 39.865772
-6.224317 24.311295 40.643837
-3.016061 24.672201 41.266293
1.039852 23.874527 42.011738
4.110054 23.236387 42.608093
6.566216 22.725876 43.085178
10.020454 21.757465 43.165855
12.498781 20.982737 43.230396
14.481443 20.362955 43.282028
17.574337 18.814329 42.928696
20.048649 17.575428 42.646027
22.028101 16.584307 42.419895
23.611660 15.001810 41.917923
25.332283 13.735813 41.516346
26.708782 12.723016 41.195084
28.542997 11.207177 40.546780
30.010374 9.994507 40.028137
31.184273 9.024370 39.613224
31.943047 6.657861 39.331463
32.550064 4.764653 39.106056
33.035679 3.250087 38.925728
31.230930 0.061634 39.828259
29.787132 -2.489128 40.550285
28.632093 -4.529738 40.271740
25.735891 -8.536626 40.142548
23.418926 -11.742136 40.039192
21.565359 -14.306544 38.244179
18.668821 -18.110870 37.038933
16.351593 -21.154331 36.074734
14.497810 -23.589100 32.667992
12.834437 -27.317715 29.942598
11.503739 -30.300608 27.762281
10.439181 -32.686920 23.195362
10.093667 -35.771973 19.541822
9.817255 -38.240013 16.618994
9.596127 -40.214447 9.143740
7.953184 -42.549992 3.574898
6.638830 -44.418430 -0.880176
5.587348 -45.913181 -8.561185
1.831536 -46.588181 -14.705992
-1.173114 -47.128181 -19.621838
-3.576833 -47.560181 -26.531027
-6.192104 -46.186581 -32.058376
-8.284322 -45.087700 -36.480255
-9.958096 -44.208595 -42.950798
-9.237679 -41.304512 -48.127224
-8.661345 -38.981247 -52.268368
-8.200278 -34.255432 -57.303646
-8.826238 -30.177980 -61.331871
-9.327004 -26.916019 -64.554451
-9.727617 -23.589651 -67.674309
-9.867763 -20.990156 -70.170189
-9.979877 -18.910561 -72.166893
-10.069571 -16.166084 -73.824463
-10.781262 -13.970502 -75.150513
-11.350616 -12.214037 -76.211357
-11.806098 -10.304865 -77.039963
-12.845328 -8.777527 -77.702850
-13.676712 -7.555656 -78.233162
-13.597164 -4.982161 -78.744354
-13.853495 -2.923363 -79.153320
-14.058558 -1.276326 -79.480484
-12.733301 3.642104 -79.277351
-11.620737 7.576848 -79.114838
-10.730686 10.724643 -78.984833
-7.598516 16.233280 -77.509628
-5.092780 20.640190 -76.329460
-3.088193 24.165718 -75.385330
-0.896943 27.260540 -74.215317
0.856057 29.736397 -73.279305
2.258457 31.717083 -72.530502
4.782422 33.570431 -71.586983
6.801594 35.053108 -70.832169
8.416931 36.239250 -70.228310
10.482944 37.529766 -69.016151
12.135755 38.562180 -68.046425
13.458002 39.388107 -67.270645
14.911398 42.372852 -62.596611
16.074116 44.760647 -58.857388
17.004290 46.670883 -49.872852
18.120756 49.386272 -42.655125
19.013927 51.558582 -36.880939
19.728468 53.296432 -27.124603
19.264563 53.381912 -19.389769
18.893438 53.450294 -13.201899
18.596540 53.505001 -4.957373
18.649900 51.168766 1.638247
18.692591 49.299778 6.914742
18.726742 44.220589 14.015463
18.928593 40.454037 19.696039
19.090073 37.440796 24.240499
19.219255 35.030201 29.213825
16.716311 29.668926 33.192490
14.713955 25.379906 36.375420
13.112070 19.081490 38.453545
8.898485 13.667557 40.116047
5.527616 9.336410 41.446049
2.830922 2.287492 40.480003
-0.961184 -3.054842 39.707165
-3.994869 -7.328709 39.088894
-7.166471 -12.948603 36.065918
-9.808469 -17.444517 33.647533
-11.922069 -21.041248 31.712830
-13.612948 -25.094635 28.292202
-14.622413 -28.337343 25.555702
-15.429984 -30.931511 23.366501
-14.586731 -33.550045 21.785706
-13.632884 -35.644871 20.521070
-12.869805 -37.320732 19.509359
-11.514688 -38.745422 18.673237
-10.401506 -39.885174 18.004337
-9.510962 -40.796974 17.469219
-7.192863 -41.453617 17.415695
-5.338383 -41.978931 17.372879
-3.854801 -42.399181 17.338625
-0.079096 -42.197781 17.297844
2.941467 -42.036659 17.265221
5.357918 -41.907764 17.239122
10.176616 -40.410248 18.087784
14.031574 -39.212234 18.766716
17.115541 -38.253822 19.309858
21.397810 -34.653492 20.754379
24.823626 -31.773230 21.909996
27.564276 -29.469019 22.834488
29.727711 -25.088850 25.202806
31.458456 -21.584715 27.097456
32.843056 -18.781406 30.325512
32.455605 -14.455560 32.824345
32.145649 -10.994883 34.823406
31.897678 -8.226341 37.278824
28.557793 -2.416308 39.283295
25.885883 2.231719 40.886864
23.748358 5.950140 41.129616
18.838648 11.528877 41.323814
14.910880 15.991867 41.479179
11.768665 19.562260 40.566708
5.700332 22.670572 39.836727
0.845665 25.157223 39.252747
-3.038069 27.146544 37.073231
-10.263927 26.005199 35.011902
-16.044615 25.092125 33.362835
-20.669163 24.361666 28.916571
-26.067545 23.614899 25.359564
-30.386253 23.017485 22.513956
-33.841217 22.539553 15.996778
-36.727360 24.414007 10.783035
-39.036278 25.913570 6.612042
-40.883408 28.804420 -2.507212
-40.115509 31.117100 -9.802615
-39.501194 32.967243 -15.638936
-39.009739 34.447361 -23.458414
-37.313438 34.998653 -29.713997
-35.956387 35.439690 -34.718460
-34.870747 34.246918 -40.521320
-33.362305 33.292698 -45.163601
-32.155544 32.529324 -48.877430
-30.445482 30.272224 -52.651150
-29.595203 28.466543 -55.670120
-28.914978 27.021999 -58.085300
-28.586050 24.589565 -60.274963
-28.322906 22.643618 -62.026695
-28.112392 21.086859 -63.428078
-28.118511 18.161451 -64.783295
-28.123405 15.821125 -65.867462
-28.127319 13.948864 -66.734802
-28.526051 9.589456 -67.077515
-28.845036 6.101930 -67.351677
-29.100220 3.311909 -67.571014
-29.379999 -1.692109 -67.104355
-29.603823 -5.695322 -66.731026
-29.782881 -8.897894 -66.432365
-28.186661 -14.814350 -64.163391
-26.909685 -19.547516 -62.348206
-25.888103 -23.334049 -60.896061
-22.720520 -28.681675 -56.098988
-20.186457 -32.959778 -52.261333
-18.159206 -36.382256 -44.910378
-15.606585 -39.781040 -38.645012
-13.564487 -42.500069 -33.632721
-11.930811 -44.675289 -26.198223
-10.449341 -45.821865 -20.243940
-9.264166 -46.739128 -15.480513
-8.316026 -47.472939 -8.465840
-7.301538 -46.536785 -2.854103
-6.489949 -45.787865 1.635288
-5.840677 -45.188728 9.524348
-5.629593 -40.873417 15.835594
-5.460727 -37.421169 20.884592
-5.325632 -34.659370 26.636120
-7.311899 -26.564331 30.745714
-8.900911 -20.088301 34.033390
-10.172122 -12.757075 35.666908
-12.556230 -6.936895 36.973717
-14.463515 -2.280751 38.019161
-15.989345 1.948164 37.133156
-19.321800 5.331296 36.424355
-21.987766 8.037802 35.857311
-24.120539 10.242206 33.514095
-27.618582 12.005729 31.639521
-30.417017 13.416548 30.139862
-32.655766 13.828403 27.274628
-35.848808 13.889088 24.982437
-38.403244 13.937635 23.148687
-40.446789 12.626873 20.501114
-42.913548 11.578263 18.383055
-44.886955 10.739375 16.688606
-46.465679 6.769865 14.607316
-48.100983 3.594257 12.942284
-49.409237 1.053770 11.610259
-49.711182 -4.221020 7.698560
-50.167988 -8.440851 4.569200
-50.533432 -11.816716 2.065713
-48.591824 -17.603008 -4.037306
-46.485859 -22.232042 -8.919722
-44.801086 -25.935270 -12.825654
-39.619461 -29.211452 -20.652618
-35.474167 -31.832397 -26.914190
-32.157925 -33.929153 -31.923447
-25.601316 -33.808960 -39.124748
-20.356028 -33.712799 -44.885792
-16.159798 -33.635876 -49.494629
-10.609572 -29.144735 -55.365582
-6.169393 -25.551823 -60.062351
-2.617249 -22.677494 -63.819759
0.631700 -17.382030 -67.206955
3.230858 -13.145659 -69.916710
5.310186 -9.756563 -71.228348
9.219247 -5.275685 -72.327820
12.346496 -1.690983 -73.207405
14.848294 1.176778 -71.342567
20.334486 6.147787 -69.924278
24.723438 10.124595 -68.789650
28.234598 13.306041 -65.082687
33.056423 17.402397 -62.117115
36.913883 20.679483 -59.744663
39.999847 23.301151 -55.278202
42.823498 24.816086 -51.895660
45.082417 26.028034 -49.189632
46.889553 26.997593 -45.710457
48.847214 28.019640 -42.927124
50.413338 28.837276 -40.700455
51.666237 29.491386 -37.982689
52.569660 30.322674 -35.808475
53.292397 30.987705 -34.069103
53.870583 31.693329 -32.634132
54.315681 32.257828 -31.486153
54.671761 32.709427 -30.567770
54.956623 32.353905 -29.675877
55.120522 32.562290 -28.962362
55.251640 32.728996 -28.391550
55.356541 33.579163 -28.102121
55.289192 33.665695 -27.870579
55.235321 33.734921 -27.685343
55.192223 35.537502 -26.139198
53.336823 36.979568 -24.902281
51.852512 38.133221 -23.912750
50.665058 41.329742 -19.495800
46.916828 43.886959 -15.962239
43.918240 45.932732 -13.135392
38.540752 47.306152 -6.807129
34.139858 48.404888 -1.744518
30.619148 49.283875 2.305570
22.979776 46.727863 8.890035
16.868279 44.683056 14.157606
11.979080 43.047211 19.204418
4.239731 35.847332 23.241869
-1.951748 30.087429 26.471830
-6.904932 25.479507 25.938820
-13.322511 17.318771 25.512411
-18.456577 10.790182 25.171286
-22.563826 3.416910 23.102444
-26.140507 -2.112107 21.447372
-29.001852 -6.535321 20.123318
-31.290928 -10.073892 18.625956
-33.383980 -13.436749 17.428066
-35.058426 -16.127033 16.469755
-36.397976 -18.951263 15.535887
-37.277637 -21.210646 14.788792
-37.981365 -23.018152 14.191115
-38.544350 -24.032957 13.900260
-39.093636 -24.844801 13.667575
-39.533070 -25.494276 13.481428
-39.884613 -26.349857 13.345887
-39.822609 -27.034321 13.237455
-39.773003 -27.581892 13.150708
-39.733326 -28.747950 12.278657
-39.323429 -29.680796 11.581017
-38.995522 -30.427073 11.022903
-38.733192 -31.808094 8.138350
-39.198170 -32.912910 5.830708
-39.570156 -33.796764 3.984594
-38.803112 -35.332645 0.333846
-38.189484 -36.561352 -2.586753
-37.698578 -37.544315 -4.923232
-35.327873 -39.411488 -6.270689
-33.431297 -40.905224 -7.348654
-31.914043 -42.100216 -8.211027
-29.973038 -42.860207 -5.971236
-28.420233 -43.468201 -4.179402
-27.177986 -43.954597 -2.745935
-24.625072 -41.622112 3.547861
-22.582737 -39.756126 8.582898
-20.948872 -38.263336 12.610929
-17.274010 -30.718704 19.515528
-14.334120 -24.682999 25.039209
-11.982208 -19.854435 28.601990
-6.348317 -12.233983 31.930464
-1.841205 -6.137621 34.593243
1.764484 -1.260532 35.011135
8.069794 4.001939 34.887264
13.114040 8.211917 34.788174
17.149441 11.579899 31.110331
23.158577 14.565483 28.168055
27.965887 16.953951 25.814236
31.811737 18.864725 21.560001
35.662159 20.818945 18.156616
38.742496 22.382320 15.433908
41.206768 23.633020 11.386225
44.219536 24.504782 8.148076
46.629753 25.202190 5.557558
48.557922 25.760117 3.859715
49.943386 26.340858 2.501441
51.051754 26.805452 1.414823
51.938454 26.460327 -1.869123
53.601894 25.876226 -4.496282
54.932655 25.408947 -6.598009
55.997261 23.814323 -12.413062
57.058376 22.538624 -17.065105
57.907276 21.518064 -20.786739
58.586388 19.402416 -27.810762
57.913799 17.709898 -33.429985
57.375729 16.355883 -37.925358
50.988033 12.825471 -46.692093
45.581181 10.001142 -53.705486
41.255695 7.741678 -59.316193
34.816689 7.300508 -64.293037
29.793472 6.947571 -68.274521
25.774900 6.665221 -71.459709
20.744944 4.658542 -74.295471
16.720980 3.053198 -76.564087
13.501809 1.768923 -78.378975
12.421599 -3.234497 -78.105179
11.557431 -7.237233 -77.886147
10.866097 -10.439422 -77.710907
12.698252 -14.496372 -75.737999
14.163976 -17.741932 -74.159676
15.336555 -20.338381 -72.897011
20.428394 -21.435539 -69.532425
24.501865 -22.313267 -66.840752
27.760643 -23.015450 -64.687416
34.550529 -18.369194 -58.255844
39.982445 -14.652191 -53.110584
44.327969 -11.678588 -48.994373
48.101086 -7.485305 -40.755047
51.119583 -4.130679 -34.163586
53.534382 -1.446979 -26.321922
54.675026 1.047182 -19.577032
55.587540 3.042511 -14.181120
56.317551 4.638773 -6.439729
54.801395 6.352584 -0.888742
53.588478 7.723632 3.552048
52.618145 8.820471 8.817012
50.631809 7.726742 13.209579
49.042744 6.851758 16.723631
47.771488 6.151772 20.936174
43.915493 2.746982 24.306211
40.830692 0.023150 27.002241
38.362854 -2.155915 27.965118
31.059650 -8.199967 28.735418
25.217085 -13.035209 29.351660
20.543032 -18.337002 28.145697
15.605364 -22.393639 27.180925
11.655227 -25.638947 26.409111
8.495119 -28.235193 24.878637
5.385270 -30.653791 23.654263
2.897390 -32.588669 22.674761
0.907086 -32.882172 22.600168
-4.210631 -33.116974 22.540497
-8.304805 -33.304817 22.492760
-11.580143 -33.443886 21.815792
-14.590195 -33.555145 21.274216
-16.998236 -33.644150 20.840956
-18.924671 -34.000957 20.394016
-20.512358 -34.286400 20.036463
-21.782507 -34.514755 19.750423
-23.543282 -34.512638 19.287481
-25.196241 -34.510944 18.917130
-26.518610 -34.509590 18.620848
-28.321159 -34.435707 17.571131
-29.675932 -34.376602 16.731359
-30.759752 -34.329315 16.059542
-34.006210 -32.398689 13.361609
-36.603382 -30.854187 11.203263
-38.681118 -29.618586 9.476585
-41.850063 -25.359703 4.132136
-44.385223 -21.952599 -0.143423
-46.413353 -19.226913 -3.563871
-46.075314 -12.678366 -12.932163
-45.804890 -7.439528 -20.426796
-45.588547 -3.248457 -26.422504
-39.085907 2.501199 -35.847713
-33.883804 7.100924 -43.387878
-29.722113 10.780704 -49.420013
-21.168545 14.446928 -54.055088
-14.325688 17.379908 -57.763149
-8.851404 19.726292 -60.729595
-1.906410 20.757799 -62.845238
3.649587 21.583004 -64.537750
8.094384 22.243168 -65.891762
12.063272 22.860899 -66.817780
15.238384 23.355083 -67.558594
17.778473 23.750431 -67.295090
19.473122 26.071510 -67.274910
20.828842 27.928373 -67.258766
21.913416 29.413864 -66.757568
23.007963 30.277458 -66.356613
23.883600 30.968330 -66.035843
24.584110 31.521030 -66.581886
25.115431 31.011189 -67.018723
25.540487 30.603317 -67.368187
25.880531 29.560219 -68.831680
24.500366 28.406540 -70.002472
23.396233 27.483597 -70.939102
22.512926 24.594843 -72.497749
19.008009 22.429440 -73.744675
16.204075 20.697117 -74.742210
13.960926 17.396059 -75.269341
9.705558 14.755213 -75.691048
6.301262 12.642535 -76.028419
3.577826 9.765193 -75.632774
-0.514918 7.463319 -75.316261
-3.789113 5.621820 -75.063049
-6.408471 3.611021 -75.004288
-7.770936 2.002381 -74.957283
-8.860908 0.715470 -74.919670
-7.498922 -0.717259 -75.525024
-6.403515 -1.863443 -76.009300
-5.527189 -2.780390 -76.396729
-3.336819 -3.849947 -76.857162
-1.346001 -4.705593 -77.225510
0.246653 -5.390110 -77.520195
3.167161 -6.996123 -76.859642
5.503568 -8.280933 -76.331200
7.372694 -9.308783 -75.908440
9.990793 -12.303861 -74.192345
12.085273 -14.699924 -72.819473
13.760856 -16.616774 -71.721169
15.380569 -20.104654 -69.126854
16.676338 -22.894958 -67.051399
17.712954 -25.127203 -65.391045
18.123379 -28.676998 -61.798599
18.451717 -31.516834 -58.924641
18.714392 -33.788704 -56.625481
17.714464 -37.129398 -52.679180
16.914524 -39.801952 -49.522141
16.274570 -41.939999 -42.715679
14.569996 -44.087234 -37.394257
13.206337 -45.805023 -33.137119
12.115411 -47.179256 -26.052574
9.718455 -47.970642 -20.384937
7.800889 -48.603748 -15.850829
6.266837 -49.110233 -9.032990
3.201230 -48.070621 -3.578719
0.748743 -47.238934 0.784699
-1.213247 -46.573582 5.131598
-6.063973 -44.882099 8.977002
-9.944554 -43.528915 12.053324
-13.049019 -42.446369 12.524467
-19.180237 -40.359531 12.901381
-24.085209 -38.690060 13.202913
-28.009190 -37.354485 10.353918
-33.818661 -35.160423 8.074721
-38.466232 -33.405174 6.251364
-42.184288 -30.567375 3.127168
-45.909210 -28.162735 0.627814
-48.889149 -26.239023 -1.371670
-51.273098 -23.266453 -4.429414
-53.209343 -21.061996 -6.875609
-54.758343 -19.298431 -8.832566
-55.997536 -17.820381 -10.481740
-57.017986 -16.637939 -11.801080
-57.834343 -15.691987 -12.856552
-57.742775 -16.100025 -14.416631
-58.094208 -16.426456 -15.664692
-58.375355 -16.687599 -16.663143
-58.600266 -18.811716 -18.632441
-56.813847 -20.511007 -20.207878
-55.384708 -21.870441 -21.468229
-54.241402 -26.357189 -24.794176
-48.631939 -29.946587 -27.454931
-44.144367 -32.818108 -29.583538
-33.107758 -34.124123 -34.955223
-24.115582 -35.168934 -39.252575
-16.921839 -36.004784 -42.690453
-5.209610 -31.555061 -45.393936
4.299797 -27.995285 -47.556721
11.907322 -25.147463 -49.286949
20.599632 -18.820406 -48.226379
27.553484 -13.758759 -47.377918
33.116562 -9.709442 -46.699154
38.032433 -5.730789 -46.075878
41.965130 -2.547866 -45.577255
45.111290 -0.001528 -45.178356
45.493153 -0.820457 -47.400982
45.798645 -1.475601 -49.179081
46.043034 -1.999716 -54.026218
40.543102 -4.776608 -58.154758
36.143158 -6.998122 -61.457588
32.623203 -8.775333 -63.243690
22.511950 -10.908301 -64.488625
14.422947 -12.614676 -65.484581
7.951744 -13.979776 -62.793137
-1.792045 -14.175857 -60.639980
-9.587076 -14.332721 -58.917458
-15.823099 -14.458212 -55.231808
-22.568840 -12.094604 -52.283287
-27.965435 -10.203718 -49.924469
-32.282707 -5.823810 -44.599377
-36.562630 -2.392683 -40.339306
-39.986565 0.352219 -36.931248
-42.725716 5.415340 -31.041002
-44.265457 8.917037 -26.328808
-45.497257 11.718394 -22.559052
-46.482697 16.109880 -17.924559
-45.508305 19.925468 -14.216966
-44.728794 22.977940 -11.250891
-44.105186 26.853516 -9.610454
-42.716209 29.774776 -8.298103
-41.605019 32.111786 -7.248223
-40.716068 31.853394 -8.037040
-41.942177 31.646679 -8.668093
-42.923069 31.481308 -14.487179
-44.632774 25.161011 -19.142448
-46.000542 20.104773 -22.866663
-47.094753 16.059782 -30.983025
-40.924995 6.882190 -37.532970
-35.989193 -0.459884 -42.772926
-32.040543 -6.333543 -46.964893
-23.296717 -12.253270 -49.749912
-16.301655 -16.989052 -51.977936
-10.705606 -20.777678 -53.502831
-4.809268 -23.926178 -54.722752
-0.092198 -26.444979 -55.698681
3.681459 -28.460018 -56.419231
8.887807 -29.058451 -56.995670
13.052885 -29.537195 -57.456821
16.384949 -29.203392 -58.909325
17.904528 -29.389950 -60.071327
19.120192 -29.539196 -61.000927
20.092724 -27.508192 -64.366615
15.134580 -25.704189 -67.059166
11.168065 -24.260986 -69.213211
3.526926 -16.072823 -68.605392
-2.702338 -9.522293 -68.119148
-7.685749 -4.281870 -67.730148
-11.672478 2.968070 -65.716652
-14.844409 8.768021 -64.105858
-17.381952 13.407982 -62.817219
-19.411989 19.113550 -61.130806
-18.679884 23.678005 -59.781677
-18.094198 27.329569 -58.702374
-17.625652 31.186020 -56.641644
-17.192638 34.271179 -54.993053
-16.846226 36.739307 -53.674183
-14.335132 40.220211 -50.896721
-12.721855 43.004932 -48.674755
-11.431233 45.232712 -46.897175
-8.356754 48.050934 -43.532028
-5.897171 50.305511 -40.839901
-3.929504 52.109173 -38.686203
-1.750337 53.798504 -35.632179
-0.007004 55.149967 -33.188953
1.387661 56.231140 -31.234377
4.411572 56.972878 -28.607199
6.830701 57.566269 -26.505453
8.766003 58.040981 -24.824060
15.614092 56.012753 -22.218107
21.092564 54.390167 -20.133343
25.475342 53.092098 -17.609369
32.181252 46.246445 -15.336016
37.545975 40.769920 -13.517333
41.837757 36.388702 -12.062387
45.218826 26.701326 -10.383393
47.923683 18.951426 -9.040197
50.087563 12.751505 -8.821806
49.398544 2.969968 -8.506629
48.847324 -4.855261 -8.254487
48.406353 -11.115444 -8.908938
46.058132 -18.184391 -9.449222
44.179558 -23.839548 -9.881448
42.676693 -28.363674 -10.284083
39.438236 -32.906975 -10.606193
36.847477 -36.541615 -10.863879
34.774864 -39.449326 -10.163697
29.893818 -42.581898 -9.603553
25.988981 -45.087955 -9.155437
22.865110 -46.644802 -6.917393
15.310508 -47.890278 -5.126960
9.266825 -48.886658 -3.694613
4.431879 -48.485363 -0.515342
-1.553691 -48.164326 2.028073
-6.342145 -47.907497 4.062804
-10.172909 -46.985233 5.627047
-13.586577 -46.348225 6.878442
-16.317511 -45.838615 7.879558
-18.502258 -44.770126 8.837636
-20.599113 -43.915337 9.604098
-22.276596 -43.231506 10.217268
-23.618586 -42.846840 9.895116
-25.628813 -42.539108 9.637396
-27.236992 -42.292923 9.431220
-30.757500 -41.289574 7.085732
-33.219032 -40.486893 5.209343
-35.188259 -39.844749 3.708232
-38.997604 -35.982235 -2.171466
-42.196339 -32.892223 -6.875224
-44.755322 -30.420214 -10.638230
-46.854870 -24.561806 -15.802425
-48.534512 -19.875080 -19.933783
-49.878227 -16.125698 -23.238867
-50.022373 -12.319795 -28.729015
-50.137695 -9.275070 -33.121136
-50.229954 -6.839292 -36.634830
-48.174503 -2.465868 -42.067791
-46.530155 1.032870 -46.414158
-45.214668 3.831861 -49.891251
-39.944511 7.807054 -55.268181
-35.728382 10.987207 -59.569725
-32.355484 13.531331 -63.010956
-24.997255 14.233829 -67.666901
-19.110672 14.795828 -71.391655
-14.401404 15.245428 -74.371460
-7.597197 12.547507 -76.755310
-2.153830 10.389171 -78.662392
2.200864 8.662501 -79.331886
8.314180 6.928366 -79.817314
13.204833 5.541058 -80.205650
17.117357 4.431211 -79.760490
21.393444 5.318534 -79.404366
24.814316 6.028392 -79.119469
27.551012 6.596278 -75.828087
32.538639 9.872988 -73.194977
36.528744 12.494355 -71.088486
39.720825 16.025049 -67.132454
42.291946 19.196804 -63.967628
44.348846 21.734209 -61.435768
45.994358 26.631332 -58.279873
46.158882 30.185032 -55.755157
46.290504 33.027992 -53.735386
46.395805 37.452759 -51.734962
44.228622 41.166172 -50.134621
42.494877 44.136902 -48.854347
41.107880 47.947086 -46.091049
35.361645 51.006435 -43.880409
30.764660 53.453915 -42.111893
27.087067 55.266296 -38.784088
18.490274 56.716202 -36.121841
11.612839 57.876125 -33.992050
6.110891 54.839264 -29.271568
-4.311898 52.409775 -25.495184
-12.650129 50.466187 -22.474077
-22.299335 44.364113 -19.980270
-29.849989 39.482456 -17.985226
-35.890507 35.577129 -16.389189
-40.722927 31.069668 -17.553768
-45.298611 27.463699 -18.485432
-48.959156 24.578924 -19.230762
-52.358826 20.652704 -20.392229
-55.078556 17.511728 -21.321402
-57.254341 14.998947 -22.064743
-58.733173 11.207922 -24.211214
-59.916245 8.175102 -25.928389
-60.862698 5.748846 -27.302130
-60.107285 0.716641 -31.283991
-59.502953 -3.309122 -34.469479
-59.019482 -6.529733 -37.874035
-52.809277 -14.947022 -40.624435
-47.841110 -21.680853 -42.824760
-43.866581 -27.067919 -44.585014
-37.551262 -32.973572 -44.745758
-32.499004 -37.698090 -44.874355
-28.457199 -41.477707 -40.696407
-22.867620 -45.442204 -37.561401
-18.395960 -48.613800 -35.053394
-14.818630 -51.151077 -31.334663
-10.723432 -52.839298 -28.062023
-7.447273 -54.189873 -25.443914
-4.826346 -55.270332 -22.493259
-3.462625 -56.028301 -19.808331
-2.371646 -56.634678 -17.660387
-1.498863 -57.119778 -16.306570
-2.167777 -57.379059 -15.223519
-2.702908 -57.586483 -14.357078
-3.131012 -57.752422 -13.058588
-3.479315 -57.913174 -12.019796
-3.757957 -58.041775 -11.188764
-3.980870 -58.144657 -7.758122
-1.884512 -57.336563 -5.013609
-0.207426 -56.690086 -2.817999
1.134242 -54.022503 2.951762
3.673615 -52.073238 7.567571
5.705114 -50.513828 11.260218
7.330314 -46.399097 16.521969
9.991795 -43.191315 20.731371
12.120980 -40.625088 24.098892
13.824327 -35.144905 28.424971
15.698956 -30.760759 31.885834
17.198660 -27.253443 34.654526
16.909113 -18.573189 36.979843
16.846184 -11.628985 38.840099
16.795843 -6.073623 40.328304
12.735599 1.792267 40.214554
9.487403 8.084979 40.123554
6.888846 13.119148 40.050751
2.273520 20.724884 34.226772
-1.418741 26.809473 29.567591
-4.372548 31.677143 25.840248
-8.224904 36.002480 19.309967
-11.399871 39.462749 14.085745
-13.939845 42.230965 9.906365
-16.024183 44.036736 2.673333
-17.691650 45.481354 -3.113094
-19.025627 46.637047 -7.742235
-20.523312 47.371204 -10.860280
-21.721457 47.958530 -13.354715
-22.679976 48.428391 -15.350264
-24.459057 48.076279 -16.227657
-25.882320 47.794586 -16.929573
-27.020931 47.569233 -17.491106
-29.019714 46.560150 -16.853401
-30.618738 45.752884 -16.343241
-31.897959 45.107071 -10.798120
-33.939419 41.824020 -6.810174
-35.572582 39.197582 -3.619816
-36.879116 37.096432 -0.211363
-38.372303 31.876308 2.869904
-39.566849 27.700212 5.334917
-40.522488 24.359335 -5.535548
-41.647686 18.903433 -14.298808
-42.547848 14.538712 -21.309418
-43.267979 11.046934 -29.392756
-41.813732 8.102312 -35.859428
-40.650341 5.746614 -41.032764
-39.719620 3.862056 -47.188099
-37.317028 2.623210 -52.112377
-35.394958 1.632133 -56.051792
-33.857300 -1.311129 -60.959133
-27.426222 -3.480939 -64.885002
-22.281361 -5.216786 -68.025703
-18.165472 -8.755864 -69.896133
-13.813954 -11.458326 -71.392487
-10.332742 -13.620296 -72.589561
-7.547771 -14.829073 -73.333191
-1.910672 -15.796094 -73.928085
2.599007 -16.569710 -74.404007
6.206749 -16.656605 -73.647644
11.699235 -16.726118 -73.042557
16.093224 -16.781731 -72.558487
19.608414 -15.678219 -70.525787
24.980318 -14.795410 -68.899628
29.277842 -14.089164 -67.598694
36.439133 -9.923367 -61.420967
41.726025 -6.590728 -56.478779
45.955544 -3.924617 -52.525028
49.339157 0.610671 -44.097958
52.354378 4.238902 -37.356293
54.766556 7.141486 -31.962965
54.462334 10.269954 -22.748762
54.451660 12.772728 -15.377402
54.443123 14.774948 -9.480314
51.661293 17.244724 -2.030271
49.435829 19.220545 3.929763
47.655457 20.801201 8.697789
45.794834 23.672926 11.622600
44.306339 25.970306 13.962450
43.115540 27.808210 15.834330
41.778946 29.172134 18.204723
40.709667 30.263271 20.101036
39.854240 31.136181 21.618086
35.039394 28.642509 27.002188
31.187517 26.647573 31.309467
28.106018 25.051624 34.755291
21.359051 21.008465 37.669136
15.961478 17.773937 40.000217
11.643420 15.186314 39.283203
3.558152 10.400215 38.709591
-2.910063 6.571337 38.250706
-8.084634 3.508234 32.489086
-15.848664 -0.415048 27.879791
-22.059887 -3.553674 24.192356
-27.028866 -6.064574 16.961584
-31.801064 -8.896495 11.307395
-35.618824 -11.162031 6.784043
-38.673027 -12.974461 2.108534
-41.075665 -14.301204 -1.631873
-42.997784 -15.362598 -4.624199
-44.535477 -16.211714 -4.044893
-45.887794 -16.471006 -3.581448
-46.969654 -16.678440 -3.210693
-47.835133 -16.844387 3.844934
-45.386017 -15.599545 9.489437
-43.426716 -14.603671 14.005038
-41.859280 -12.412572 20.854893
-33.653278 -10.659693 26.334778
-27.088480 -9.257389 30.718687
-21.836639 -6.836347 33.393055
-11.997898 -4.899512 35.532551
-4.126906 -3.350045 37.244152
5.893162 -1.108071 35.700459
14.124468 0.685508 34.465508
20.709511 2.120371 33.477547
28.956165 5.648262 26.292692
35.402233 8.470574 20.544809
40.559086 10.728424 15.946506
43.934093 14.074705 5.906822
46.634102 16.751730 -2.124923
48.794109 18.893349 -8.550320
48.590664 20.903444 -16.556784
48.427910 22.511520 -22.961956
48.297703 23.797981 -28.086092
46.582062 24.463150 -35.118435
45.209553 24.995285 -40.744308
44.111542 25.420994 -45.245010
41.266773 24.456760 -50.785316
38.990963 23.685373 -55.217564
37.170319 23.068264 -58.763363
34.695717 23.235376 -62.696960
32.716038 23.369066 -65.843842
31.132294 23.476017 -68.361343
28.672686 22.413578 -70.883690
26.705000 21.563627 -72.901573
25.130852 20.883667 -74.515884
23.406124 19.370899 -76.335739
22.026344 18.160685 -77.791626
20.922518 17.192513 -78.956329
18.410524 16.585976 -80.092110
16.400928 16.100746 -81.000732
14.793254 15.712563 -81.727631
10.150350 13.934814 -82.329216
6.436027 12.512616 -82.810478
3.464568 11.374858 -80.530014
-3.770307 10.767051 -78.705635
-9.558206 10.280806 -77.246140
-14.188525 9.891809 -71.038536
-20.987751 6.517412 -66.072449
-26.427134 3.817894 -62.099583
-30.778639 1.658280 -47.082130
-34.318020 -1.239811 -35.068172
-37.149525 -3.558284 -25.457003
-39.414730 -4.696262 -12.697966
-38.277359 -5.024245 -2.490736
-37.367470 -5.286632 5.675048
-36.639549 -4.062941 14.274511
-33.381111 -3.475987 21.154083
-30.774366 -3.006425 26.657740
-28.688967 -1.684375 32.160973
-25.013571 -0.626735 36.563557
-22.073256 0.219377 40.085625
-19.721003 0.123466 43.204273
-16.675676 0.046738 45.699192
-14.239417 -0.014645 47.695126
-13.029245 0.490649 49.134689
-12.061109 0.894884 50.286339
-11.286598 1.218272 51.207657
-9.282399 1.297782 51.867794
-7.679039 1.361391 52.395901
-6.396352 1.412277 52.818386
-2.391582 2.136187 52.965744
0.620253 2.715314 53.083630
3.029720 3.178617 53.177940
7.191257 3.297258 52.831993
10.380865 3.392171 52.555233
12.932551 3.468102 52.333828
17.539469 4.240047 50.471127
21.225000 4.857602 48.980968
24.173428 5.351646 47.788845
28.335630 8.507682 45.554237
31.665392 11.032510 43.766552
34.329197 13.052373 42.336407
35.308357 15.849863 41.747459
36.091690 18.087856 41.276302
36.718349 19.878250 40.043209
36.655369 24.043365 39.050049
36.604988 27.375458 38.255516
36.564682 30.041130 36.623264
36.171745 33.652069 35.317459
35.857391 36.540821 34.272820
35.605911 38.851822 30.868610
33.973595 42.117424 28.790710
32.667744 44.729904 27.128389
31.623058 46.819889 22.373875
28.931496 50.244675 17.867939
26.778244 52.984505 14.263191
25.055641 55.176369 6.021672
22.031174 56.941059 -0.571543
19.611603 58.352814 -5.846115
17.675941 59.482216 -15.958597
14.579930 58.061737 -24.048582
12.103121 56.925354 -30.520571
10.121673 53.149048 -38.577682
6.383997 50.167202 -45.023376
3.393857 47.781727 -50.179932
1.001745 41.858147 -57.070988
0.577364 37.119282 -62.583832
0.237859 33.328190 -66.994110
-0.033744 26.711317 -70.244743
-2.554803 21.602619 -72.845253
-4.571650 17.515659 -74.925659
-6.929781 12.241292 -75.800705
-9.293331 8.021798 -76.500755
-11.184171 4.646203 -77.060783
-12.696842 -1.263073 -76.522202
-14.040785 -5.990494 -76.091354
-15.115941 -9.772430 -75.746666
-15.976065 -15.166780 -73.658257
-16.780518 -19.482260 -71.987534
-17.424078 -22.934643 -70.650948
-15.704960 -28.922150 -65.531616
-14.736900 -33.712158 -61.436153
-13.962454 -37.544163 -58.159782
-9.241478 -40.744167 -46.124214
-5.464698 -43.304169 -36.495762
-2.443273 -45.352169 -28.792997
0.386919 -44.229771 -16.209549
2.651072 -43.331852 -6.142791
4.462394 -42.613518 1.910616
5.806735 -37.564449 11.614125
6.882207 -33.525192 19.376932
7.742585 -30.293791 25.587177
9.181359 -24.023869 31.424921
10.332379 -19.007931 36.095116
11.253195 -14.995180 39.831272
11.885131 -9.192179 42.693108
12.390678 -4.549778 44.982578
12.795117 -0.835858 46.814152
13.165209 4.599279 47.791130
13.461283 8.947388 48.572716
13.698142 12.425875 48.341816
12.991715 16.586266 48.438023
12.426576 19.914577 48.514988
11.974463 22.577227 47.442814
10.594689 26.124146 46.585072
9.490872 28.961681 45.898876
8.607818 31.231709 44.533894
8.128261 34.055733 43.441902
7.744616 36.314953 42.568314
7.437699 38.122326 41.484833
7.686664 39.568226 40.618053
7.885835 40.724945 39.924625
8.045173 38.783119 41.486889
8.248271 37.212860 42.736698
8.410750 35.956654 43.736546
8.540734 27.066887 45.549774
9.086859 20.033474 47.000355
9.523760 14.406744 48.160824
9.873280 3.101359 44.841812
10.036544 -5.942948 42.186607
10.167154 -13.178394 40.062443
10.271643 -21.369152 30.172688
